0	-0.0314108
1	-0.0692819
2	-0.113536
3	-0.157544
4	-0.201265
5	-0.244559
6	-0.28741
7	-0.329639
8	-0.371294
9	-0.41211
10	-0.452256
11	-0.491321
12	-0.529659
13	-0.566645
14	-0.602888
15	-0.637494
16	-0.671363
17	-0.703314
18	-0.734532
19	-0.763598
20	-0.791884
21	-0.817884
22	-0.842953
23	-0.865756
24	-0.887325
25	-0.906842
26	-0.924654
27	-0.940804
28	-0.954668
29	-0.967339
30	-0.977179
31	-0.986182
32	-0.992066
33	-0.997131
34	-0.999252
35	-1.00008
36	-0.998661
37	-0.995075
38	-0.990203
39	-0.982272
40	-0.973795
41	-0.961922
42	-0.949458
43	-0.934227
44	-0.91743
45	-0.899258
46	-0.878205
47	-0.856996
48	-0.83238
49	-0.807572
50	-0.780364
51	-0.751525
52	-0.722219
53	-0.689782
54	-0.65791
55	-0.623176
56	-0.587888
57	-0.551927
58	-0.513334
59	-0.475822
60	-0.435485
61	-0.395219
62	-0.354622
63	-0.311616
64	-0.270282
65	-0.226554
66	-0.182923
67	-0.140029
68	-0.0945901
69	-0.051283
70	-0.00674501
71	0.0385438
72	0.0814899
73	0.1268
74	0.170605
75	0.213213
76	0.257908
77	0.299549
78	0.341424
79	0.384179
80	0.423285
81	0.463651
82	0.503468
83	0.539657
84	0.577595
85	0.61379
86	0.646548
87	0.681187
88	0.71329
89	0.741995
90	0.772573
91	0.800266
92	0.82427
93	0.850104
94	0.873206
95	0.891951
96	0.912337
97	0.930786
98	0.943979
99	0.958104
100	0.971813
101	0.979662
102	0.986687
103	0.995153
104	0.998487
105	0.998097
106	0.999927
107	0.999612
108	0.993051
109	0.986376
110	0.981548
111	0.971724
112	0.956825
113	0.943869
114	0.931715
115	0.913455
116	0.890874
117	0.870978
118	0.852191
119	0.827402
120	0.797351
121	0.769417
122	0.744763
123	0.71644
124	0.680829
125	0.643402
126	0.610557
127	0.580541
128	0.546025
129	0.50372
130	0.458371
131	0.417248
132	0.38248
133	0.349272
134	0.31056
135	0.26286
136	0.208511
137	0.153748
138	0.10507
139	0.066553
140	0.0391352
141	0.0214122
142	0.0109274
143	0.0052142
144	0.00233164
145	0.000979133
146	0.000386849
147	0.000144041
148	5.06198e-05
149	1.68117e-05
150	5.2827e-06
151	1.57214e-06
152	4.43498e-07
153	1.18682e-07
154	3.01471e-08
155	7.27286e-09
156	1.66707e-09
157	3.63198e-10
158	7.5229e-11
159	1.48169e-11
160	2.77528e-12
161	4.94357e-13
162	8.37409e-14
163	1.34879e-14
164	2.06525e-15
165	3.00542e-16
166	4.15514e-17
167	5.45543e-18
168	6.79848e-19
169	8.03659e-20
170	9.00555e-21
171	9.55837e-22
172	9.60074e-23
173	9.11667e-24
174	8.17499e-25
175	6.91368e-26
176	5.50664e-27
177	4.12439e-28
178	2.89776e-29
179	1.88691e-30
180	1.23664e-31
181	5.22851e-33
182	-4.68881e-33
183	1.76088e-32
184	-1.15696e-32
185	-9.06874e-33
186	1.47611e-32
187	-3.4177e-33
188	-1.46284e-32
189	7.68498e-33
190	2.87666e-33
191	-9.14461e-33
192	-2.1056e-33
193	-1.87785e-33
194	-1.51051e-33
195	1.04619e-33
196	-7.05297e-35
197	-3.76158e-34
198	4.70198e-35
199	0
200	0
201	0
202	0
203	0
204	0
205	0
206	0
207	0
208	0
209	0
210	0
211	0
212	0
213	0
214	0
215	0
216	0
217	0
218	0
219	0
220	0
221	0
222	0
223	0
224	0
225	0
226	0
227	0
228	0
229	0
230	0
231	0
232	0
233	0
234	0
235	0
236	0
237	0
238	0
239	0
240	0
241	0
242	0
243	0
244	0
245	0
246	0
247	0
248	0
249	0
250	0
251	0
252	0
253	0
254	0
255	0
256	0
257	0
258	0
259	0
260	0
261	0
262	0
263	0
264	0
265	0
266	0
267	0
268	0
269	0
270	0
271	0
272	0
273	0
274	0
275	0
276	0
277	0
278	0
279	0
280	0
281	0
282	0
283	0
284	0
285	0
286	0
287	0
288	0
289	0
290	0
291	0
292	0
293	0
294	0
295	0
296	0
297	0
298	0
299	0
300	0
301	0
302	0
303	0
304	0
305	0
306	0
307	0
308	0
309	0
310	0
311	0
312	0
313	0
314	0
315	0
316	0
317	0
318	0
319	0
320	0
321	0
322	0
323	0
324	0
325	0
326	0
327	0
328	0
329	0
330	0
331	0
332	0
333	0
334	0
335	0
336	0
337	0
338	0
339	0
340	0
341	0
342	0
343	0
344	0
345	0
346	0
347	0
348	0
349	0
350	0
351	0
352	0
353	0
354	0
355	0
356	0
357	0
358	0
359	0
360	0
361	0
362	0
363	0
364	0
365	0
366	0
367	0
368	0
369	0
370	0
371	0
372	0
373	0
374	0
375	0
376	0
377	0
378	0
379	0
380	0
381	0
382	0
383	0
384	0
385	0
386	0
387	0
388	0
389	0
390	0
391	0
392	0
393	0
394	0
395	0
396	0
397	0
398	0
399	0
400	0
401	0
402	0
403	0
404	0
405	0
406	0
407	0
408	0
409	0
410	0
411	0
412	0
413	0
414	0
415	0
416	0
417	0
418	0
419	0
420	0
421	0
422	0
423	0
424	0
425	0
426	0
427	0
428	0
429	0
430	0
431	0
432	0
433	0
434	0
435	0
436	0
437	0
438	0
439	0
440	0
441	0
442	0
443	0
444	0
445	0
446	0
447	0
448	0
449	0
450	0
451	0
452	0
453	0
454	0
455	0
456	0
457	0
458	0
459	0
460	0
461	0
462	0
463	0
464	0
465	0
466	0
467	0
468	0
469	0
470	0
471	0
472	0
473	0
474	0
475	0
476	0
477	0
478	0
479	0
480	0
481	0
482	0
483	0
484	0
485	0
486	0
487	0
488	0
489	0
490	0
491	0
492	0
493	0
494	0
495	0
496	0
497	0
498	0
499	0
500	0
501	0
502	0
503	0
504	0
505	0
506	0
507	0
508	0
509	0
510	0
511	0
512	0
513	0
514	0
515	0
516	0
517	0
518	0
519	0
520	0
521	0
522	0
523	0
524	0
525	0
526	0
527	0
528	0
529	0
530	0
531	0
532	0
533	0
534	0
535	0
536	0
537	0
538	0
539	0
540	0
541	0
542	0
543	0
544	0
545	0
546	0
547	0
548	0
549	0
550	0
551	0
552	0
553	0
554	0
555	0
556	0
557	0
558	0
559	0
560	0
561	0
562	0
563	0
564	0
565	0
566	0
567	0
568	0
569	0
570	0
571	0
572	0
573	0
574	0
575	0
576	0
577	0
578	0
579	0
580	0
581	0
582	0
583	0
584	0
585	0
586	0
587	0
588	0
589	0
590	0
591	0
592	0
593	0
594	0
595	0
596	0
597	0
598	0
599	0
600	0
601	0
602	0
603	0
604	0
605	0
606	0
607	0
608	0
609	0
610	0
611	0
612	0
613	0
614	0
615	0
616	0
617	0
618	0
619	0
620	0
621	0
622	0
623	0
624	0
625	0
626	0
627	0
628	0
629	0
630	0
631	0
632	0
633	0
634	0
635	0
636	0
637	0
638	0
639	0
640	0
641	0
642	0
643	0
644	0
645	0
646	0
647	0
648	0
649	0
650	0
651	0
652	0
653	0
654	0
655	0
656	0
657	0
658	0
659	0
660	0
661	0
662	0
663	0
664	0
665	0
666	0
667	0
668	0
669	0
670	0
671	0
672	0
673	0
674	0
675	0
676	0
677	0
678	0
679	0
680	0
681	0
682	0
683	0
684	0
685	0
686	0
687	0
688	0
689	0
690	0
691	0
692	0
693	0
694	0
695	0
696	0
697	0
698	0
699	0
700	0
701	0
702	0
703	0
704	0
705	0
706	0
707	0
708	0
709	0
710	0
711	0
712	0
713	0
714	0
715	0
716	0
717	0
718	0
719	0
720	0
721	0
722	0
723	0
724	0
725	0
726	0
727	0
728	0
729	0
730	0
731	0
732	0
733	0
734	0
735	0
736	0
737	0
738	0
739	0
740	0
741	0
742	0
743	0
744	0
745	0
746	0
747	0
748	0
749	0
750	0
751	0
752	0
753	0
754	0
755	0
756	0
757	0
758	0
759	0
760	0
761	0
762	0
763	0
764	0
765	0
766	0
767	0
768	0
769	0
770	0
771	0
772	0
773	0
774	0
775	0
776	0
777	0
778	0
779	0
780	0
781	0
782	0
783	0
784	0
785	0
786	0
787	0
788	0
789	0
790	0
791	0
792	0
793	0
794	0
795	0
796	0
797	0
798	0
799	0
800	0
801	0
802	0
803	-9.92617e-21
804	-2.64698e-20
805	-1.98523e-20
806	-5.29396e-20
807	-5.29396e-20
808	-6.61744e-20
809	-1.32349e-19
810	-1.32349e-19
811	-9.26442e-20
812	-1.19114e-19
813	-1.98523e-19
814	-3.44107e-19
815	-2.91168e-19
816	-3.17637e-19
817	-4.49986e-19
818	-3.97047e-19
819	-3.97047e-19
820	-5.55865e-19
821	-4.76456e-19
822	-3.97047e-19
823	-4.49986e-19
824	-3.97047e-19
825	-3.70577e-19
826	-3.97047e-19
827	-4.76456e-19
828	-5.02926e-19
829	-5.55865e-19
830	-7.14684e-19
831	-7.14684e-19
832	-7.41154e-19
833	-8.20563e-19
834	-9.52912e-19
835	-2.85874e-18
836	-1.86347e-17
837	-1.20861e-16
838	-7.50683e-16
839	-4.43655e-15
840	-2.49257e-14
841	-1.33187e-13
842	-6.76821e-13
843	-3.27075e-12
844	-1.50282e-11
845	-6.56364e-11
846	-2.72404e-10
847	-1.07381e-09
848	-4.01853e-09
849	-1.42679e-08
850	-4.80281e-08
851	-1.53146e-07
852	-4.62138e-07
853	-1.3183e-06
854	-3.55052e-06
855	-9.01552e-06
856	-2.15489e-05
857	-4.83985e-05
858	-0.000101948
859	-0.000200988
860	-0.000370065
861	-0.000635037
862	-0.00101386
863	-0.00150458
864	-0.00207703
865	-0.00267741
866	-0.00325076
867	-0.0037732
868	-0.00427113
869	-0.00480443
870	-0.00541664
871	-0.00609246
872	-0.00676981
873	-0.00740502
874	-0.00802299
875	-0.00868615
876	-0.0094114
877	-0.0101442
878	-0.0108347
879	-0.0115107
880	-0.0122311
881	-0.0129871
882	-0.0137135
883	-0.0144002
884	-0.0151061
885	-0.015845
886	-0.0165552
887	-0.0172173
888	-0.0178882
889	-0.0185772
890	-0.0192218
891	-0.0198185
892	-0.0204238
893	-0.0210199
894	-0.0215507
895	-0.0220474
896	-0.0225459
897	-0.0229931
898	-0.0233724
899	-0.0237375
900	-0.0240674
901	-0.0243149
902	-0.0245232
903	-0.024702
904	-0.0247951
905	-0.0248269
906	-0.0248263
907	-0.024739
908	-0.0245751
909	-0.0243717
910	-0.024079
911	-0.0237003
912	-0.0232745
913	-0.0227542
914	-0.0221436
915	-0.021479
916	-0.020713
917	-0.0198573
918	-0.0189408
919	-0.0179158
920	-0.0168066
921	-0.0156284
922	-0.0143377
923	-0.0129722
924	-0.0115265
925	-0.00997158
926	-0.00835147
927	-0.00663868
928	-0.0048303
929	-0.00296078
930	-0.00099072
931	0.00105247
932	0.00316243
933	0.00536656
934	0.00762243
935	0.00995531
936	0.0123574
937	0.0148036
938	0.0173255
939	0.0198843
940	0.0224933
941	0.0251519
942	0.0278299
943	0.0305558
944	0.0332922
945	0.0360499
946	0.0388241
947	0.041588
948	0.0443644
949	0.0471146
950	0.0498536
951	0.0525642
952	0.0552314
953	0.0578662
954	0.0604323
955	0.062949
956	0.0653839
957	0.0677407
958	0.0700088
959	0.0721679
960	0.0742275
961	0.0761535
962	0.0779606
963	0.0796176
964	0.0811294
965	0.0824789
966	0.0836551
967	0.0846567
968	0.0854595
969	0.0860721
970	0.0864652
971	0.0866491
972	0.0865975
973	0.0863155
974	0.0857851
975	0.0850034
976	0.083962
977	0.0826502
978	0.0810682
979	0.0792002
980	0.0770516
981	0.074605
982	0.0718684
983	0.0688255
984	0.0654846
985	0.0618325
986	0.057877
987	0.0536087
988	0.0490344
989	0.0441489
990	0.0389585
991	0.0334618
992	0.0276651
993	0.0215706
994	0.0151852
995	0.0085141
996	0.00156548
997	-0.00565275
998	-0.0131306
999	-0.0208579
