0	-0.0314108
1	-0.0692862
2	-0.113531
3	-0.157548
4	-0.201259
5	-0.244567
6	-0.287398
7	-0.329656
8	-0.37127
9	-0.412142
10	-0.452213
11	-0.491376
12	-0.529589
13	-0.566731
14	-0.602786
15	-0.637614
16	-0.671227
17	-0.703463
18	-0.734373
19	-0.763761
20	-0.791725
21	-0.81803
22	-0.84283
23	-0.865843
24	-0.887285
25	-0.906824
26	-0.924739
27	-0.940648
28	-0.954895
29	-0.967049
30	-0.977516
31	-0.985821
32	-0.992421
33	-0.996816
34	-0.999493
35	-0.999947
36	-0.998674
37	-0.995192
38	-0.98997
39	-0.982588
40	-0.973449
41	-0.962235
42	-0.949241
43	-0.934294
44	-0.917539
45	-0.898984
46	-0.878593
47	-0.856582
48	-0.832713
49	-0.80742
50	-0.780265
51	-0.751883
52	-0.721665
53	-0.690404
54	-0.65738
55	-0.623466
56	-0.587921
57	-0.551595
58	-0.513836
59	-0.475356
60	-0.43571
61	-0.395355
62	-0.354155
63	-0.312227
64	-0.26981
65	-0.226637
66	-0.183331
67	-0.139272
68	-0.095396
69	-0.0508384
70	-0.0067024
71	0.0379389
72	0.0820196
73	0.126304
74	0.169984
75	0.213441
76	0.256313
77	0.298438
78	0.339996
79	0.380256
80	0.419903
81	0.457776
82	0.494892
83	0.529956
84	0.564029
85	0.59605
86	0.626777
87	0.655701
88	0.682956
89	0.70874
90	0.732427
91	0.754865
92	0.774837
93	0.793585
94	0.809747
95	0.824529
96	0.836939
97	0.847626
98	0.856347
99	0.862857
100	0.867797
101	0.870106
102	0.871106
103	0.869369
104	0.866319
105	0.860778
106	0.853575
107	0.844376
108	0.833004
109	0.820218
110	0.804892
111	0.788523
112	0.769579
113	0.749536
114	0.727324
115	0.703611
116	0.678446
117	0.651267
118	0.623279
119	0.59301
120	0.56219
121	0.529362
122	0.495729
123	0.460814
124	0.424527
125	0.387792
126	0.34929
127	0.310811
128	0.270717
129	0.230481
130	0.189387
131	0.147561
132	0.105835
133	0.0628906
134	0.0205949
135	-0.0227637
136	-0.065652
137	-0.108757
138	-0.152073
139	-0.19458
140	-0.237782
141	-0.279686
142	-0.321995
143	-0.363378
144	-0.404148
145	-0.444784
146	-0.483802
147	-0.523034
148	-0.560453
149	-0.597471
150	-0.633378
151	-0.667701
152	-0.701719
153	-0.733414
154	-0.764747
155	-0.794116
156	-0.822069
157	-0.849063
158	-0.873539
159	-0.897516
160	-0.918917
161	-0.939072
162	-0.957654
163	-0.973714
164	-0.98906
165	-1.00146
166	-1.01275
167	-1.02199
168	-1.02881
169	-1.03472
170	-1.03751
171	-1.03929
172	-1.03877
173	-1.03593
174	-1.0321
175	-1.02512
176	-1.01724
177	-1.007
178	-0.994556
179	-0.981202
180	-0.964756
181	-0.947544
182	-0.928122
183	-0.906584
184	-0.884384
185	-0.859238
186	-0.83348
187	-0.805882
188	-0.776209
189	-0.746268
190	-0.713651
191	-0.680531
192	-0.646161
193	-0.609736
194	-0.573513
195	-0.535053
196	-0.496091
197	-0.456694
198	-0.415273
199	-0.374461
200	-0.332138
201	-0.289144
202	-0.246644
203	-0.202323
204	-0.158779
205	-0.114768
206	-0.0698087
207	-0.0261831
208	0.0186901
209	0.0630265
210	0.106521
211	0.151123
212	0.194013
213	0.237
214	0.280034
215	0.32107
216	0.362794
217	0.40317
218	0.442088
219	0.481496
220	0.518503
221	0.55492
222	0.590907
223	0.624163
224	0.657462
225	0.689109
226	0.718386
227	0.747776
228	0.774461
229	0.79952
230	0.824187
231	0.845568
232	0.866081
233	0.885332
234	0.901262
235	0.916821
236	0.93017
237	0.940596
238	0.950785
239	0.957973
240	0.962878
241	0.967344
242	0.968311
243	0.967691
244	0.96621
245	0.961049
246	0.954919
247	0.94739
248	0.93609
249	0.92312
250	0.904483
251	0.882713
252	0.864622
253	0.845506
254	0.823995
255	0.802591
256	0.779084
257	0.7537
258	0.728605
259	0.701603
260	0.673324
261	0.645508
262	0.616064
263	0.58584
264	0.556251
265	0.525351
266	0.494069
267	0.4636
268	0.432149
269	0.400624
270	0.370094
271	0.338907
272	0.307871
273	0.278009
274	0.247803
275	0.217901
276	0.189339
277	0.16073
278	0.132515
279	0.105775
280	0.0792777
281	0.0532101
282	0.0287068
283	0.00472922
284	-0.018821
285	-0.0407796
286	-0.0619355
287	-0.0826832
288	-0.101889
289	-0.12003
290	-0.13777
291	-0.154104
292	-0.169143
293	-0.183747
294	-0.197163
295	-0.209118
296	-0.220538
297	-0.231038
298	-0.240021
299	-0.248295
300	-0.255916
301	-0.26211
302	-0.267375
303	-0.272178
304	-0.275801
305	-0.278297
306	-0.280383
307	-0.281644
308	-0.2817
309	-0.281238
310	-0.280308
311	-0.278298
312	-0.275562
313	-0.272581
314	-0.268847
315	-0.264229
316	-0.259358
317	-0.254144
318	-0.248098
319	-0.241607
320	-0.235052
321	-0.22798
322	-0.220287
323	-0.212525
324	-0.204663
325	-0.196252
326	-0.187554
327	-0.178984
328	-0.170226
329	-0.161045
330	-0.151878
331	-0.142896
332	-0.13369
333	-0.124259
334	-0.115052
335	-0.106027
336	-0.0968105
337	-0.0875621
338	-0.078662
339	-0.069941
340	-0.061097
341	-0.0523706
342	-0.0440639
343	-0.0359507
344	-0.027788
345	-0.0198385
346	-0.0123524
347	-0.00509376
348	0.00215479
349	0.0091466
350	0.0156477
351	0.0218711
352	0.0280419
353	0.0339598
354	0.0393783
355	0.0444555
356	0.0494441
357	0.0542246
358	0.0585294
359	0.062423
360	0.0661774
361	0.0697925
362	0.073008
363	0.0757592
364	0.0782848
365	0.080725
366	0.0829011
367	0.084624
368	0.0860067
369	0.0872843
370	0.0884519
371	0.0892907
372	0.0897186
373	0.0899204
374	0.0900766
375	0.0901123
376	0.0898254
377	0.0891888
378	0.0883943
379	0.0875946
380	0.0867114
381	0.0855593
382	0.0841024
383	0.0825072
384	0.0809379
385	0.0793664
386	0.0776246
387	0.0756185
388	0.0734453
389	0.0712859
390	0.0692121
391	0.0671225
392	0.0648656
393	0.0624066
394	0.0598656
395	0.0574021
396	0.0550693
397	0.0527766
398	0.0503841
399	0.0478323
400	0.0451938
401	0.0426141
402	0.0401985
403	0.0379398
404	0.0357333
405	0.033459
406	0.0310655
407	0.0286024
408	0.0261864
409	0.0239326
410	0.0218941
411	0.0200411
412	0.0182829
413	0.016515
414	0.014665
415	0.0127185
416	0.0107193
417	0.0087498
418	0.00690326
419	0.00525911
420	0.00386783
421	0.00274678
422	0.0018846
423	0.00125016
424	0.000802451
425	0.000498818
426	0.000300544
427	0.000175661
428	9.96774e-05
429	5.49541e-05
430	2.94578e-05
431	1.53636e-05
432	7.80107e-06
433	3.85876e-06
434	1.86044e-06
435	8.74762e-07
436	4.01313e-07
437	1.7972e-07
438	7.85996e-08
439	3.35839e-08
440	1.40248e-08
441	5.72628e-09
442	2.28669e-09
443	8.93385e-10
444	3.41584e-10
445	1.27852e-10
446	4.68584e-11
447	1.68207e-11
448	5.91536e-12
449	2.03844e-12
450	6.88475e-13
451	2.27948e-13
452	7.39994e-14
453	2.35578e-14
454	7.35563e-15
455	2.25268e-15
456	6.75932e-16
457	1.98867e-16
458	5.64865e-17
459	1.55907e-17
460	3.81165e-18
461	1.58819e-19
462	-3.17637e-19
463	-7.94093e-19
464	-4.49986e-19
465	-6.35275e-19
466	-6.61744e-19
467	-6.61744e-19
468	-6.61744e-19
469	-7.41154e-19
470	-6.61744e-19
471	-8.99973e-19
472	-6.61744e-19
473	-5.29396e-19
474	-3.44107e-19
475	-2.91168e-19
476	-5.29396e-19
477	-2.91168e-19
478	-3.83812e-19
479	-4.76456e-19
480	-1.45584e-19
481	-2.51463e-19
482	-1.72054e-19
483	-2.64698e-19
484	-5.691e-19
485	-4.56604e-19
486	-3.57342e-19
487	-3.3749e-19
488	-1.5551e-19
489	-1.65436e-19
490	-2.0845e-19
491	-1.0407e-19
492	-2.51463e-19
493	-4.00355e-19
494	-1.68745e-19
495	-9.92617e-20
496	-1.78671e-19
497	-1.98523e-20
498	-1.19114e-19
499	-5.29396e-20
500	-1.72054e-19
501	-9.26442e-20
502	-7.94093e-20
503	-1.72054e-19
504	3.97047e-20
505	-2.91168e-19
506	-1.05879e-19
507	2.64698e-20
508	2.64698e-20
509	7.94093e-20
510	-1.05879e-19
511	5.29396e-20
512	-2.64698e-20
513	-2.11758e-19
514	0
515	1.05879e-19
516	-2.64698e-20
517	-1.58819e-19
518	1.32349e-19
519	1.05879e-19
520	-2.38228e-19
521	-5.29396e-20
522	1.58819e-19
523	5.29396e-20
524	0
525	2.11758e-19
526	5.29396e-20
527	5.29396e-20
528	-3.70577e-19
529	-3.70577e-19
530	-2.11758e-19
531	-2.11758e-19
532	1.58819e-19
533	0
534	-5.29396e-19
535	-3.17637e-19
536	-2.11758e-19
537	-5.82335e-19
538	0
539	6.88214e-19
540	6.35275e-19
541	3.17637e-19
542	-4.23516e-19
543	1.05879e-19
544	-6.88214e-19
545	-3.01755e-18
546	-9.8997e-18
547	-3.08108e-17
548	-9.53971e-17
549	-2.92173e-16
550	-8.72709e-16
551	-2.55836e-15
552	-7.35219e-15
553	-2.07017e-14
554	-5.71062e-14
555	-1.54297e-13
556	-4.0824e-13
557	-1.0574e-12
558	-2.68049e-12
559	-6.6483e-12
560	-1.61286e-11
561	-3.82583e-11
562	-8.87058e-11
563	-2.00961e-10
564	-4.44672e-10
565	-9.6062e-10
566	-2.02516e-09
567	-4.16446e-09
568	-8.34903e-09
569	-1.63104e-08
570	-3.10313e-08
571	-5.74637e-08
572	-1.03508e-07
573	-1.81246e-07
574	-3.08304e-07
575	-5.09113e-07
576	-8.1559e-07
577	-1.26665e-06
578	-1.90588e-06
579	-2.77677e-06
580	-3.91575e-06
581	-5.34364e-06
582	-7.05794e-06
583	-9.02881e-06
584	-1.12019e-05
585	-1.35102e-05
586	-1.58931e-05
587	-1.83182e-05
588	-2.07971e-05
589	-2.33855e-05
590	-2.6165e-05
591	-2.92091e-05
592	-3.25484e-05
593	-3.61548e-05
594	-3.99547e-05
595	-4.3871e-05
596	-4.78712e-05
597	-5.19901e-05
598	-5.63098e-05
599	-6.09044e-05
600	-6.57857e-05
601	-7.0893e-05
602	-7.61376e-05
603	-8.14741e-05
604	-8.69375e-05
605	-9.26125e-05
606	-9.85563e-05
607	-0.000104742
608	-0.000111079
609	-0.000117496
610	-0.00012401
611	-0.000130701
612	-0.000137624
613	-0.000144742
614	-0.000151956
615	-0.000159209
616	-0.000166543
617	-0.000174037
618	-0.000181703
619	-0.000189455
620	-0.000197206
621	-0.000204961
622	-0.000212798
623	-0.000220746
624	-0.000228729
625	-0.000236651
626	-0.000244508
627	-0.000252376
628	-0.000260277
629	-0.000268125
630	-0.000275828
631	-0.000283403
632	-0.000290923
633	-0.000298377
634	-0.00030566
635	-0.000312712
636	-0.000319583
637	-0.000326324
638	-0.000332869
639	-0.000339116
640	-0.000345067
641	-0.000350793
642	-0.000356278
643	-0.000361414
644	-0.00036616
645	-0.000370581
646	-0.000374699
647	-0.000378418
648	-0.000381672
649	-0.000384514
650	-0.000386986
651	-0.000389008
652	-0.000390502
653	-0.000391515
654	-0.0003921
655	-0.000392184
656	-0.000391692
657	-0.000390672
658	-0.000389178
659	-0.000387141
660	-0.000384495
661	-0.0003813
662	-0.000377604
663	-0.000373335
664	-0.000368446
665	-0.000363016
666	-0.000357077
667	-0.000350551
668	-0.000343428
669	-0.0003358
670	-0.000327673
671	-0.000318973
672	-0.000309738
673	-0.000300059
674	-0.000289907
675	-0.000279237
676	-0.000268137
677	-0.000256669
678	-0.00024478
679	-0.000232483
680	-0.000219892
681	-0.000207016
682	-0.000193816
683	-0.000180377
684	-0.000166788
685	-0.000153016
686	-0.000139083
687	-0.000125115
688	-0.000111135
689	-9.71211e-05
690	-8.31775e-05
691	-6.93966e-05
692	-5.57526e-05
693	-4.2301e-05
694	-2.91741e-05
695	-1.63835e-05
696	-3.93756e-06
697	8.0297e-06
698	1.94537e-05
699	3.03497e-05
700	4.06113e-05
701	5.01279e-05
702	5.89114e-05
703	6.68951e-05
704	7.39427e-05
705	8.00431e-05
706	8.51675e-05
707	8.91749e-05
708	9.20244e-05
709	9.37146e-05
710	9.41173e-05
711	9.31633e-05
712	9.08674e-05
713	8.71246e-05
714	8.18449e-05
715	7.50507e-05
716	6.66644e-05
717	5.65845e-05
718	4.48367e-05
719	3.13705e-05
720	1.6083e-05
721	-9.99132e-07
722	-1.98997e-05
723	-4.07165e-05
724	-6.34195e-05
725	-8.80083e-05
726	-0.00011457
727	-0.000143068
728	-0.000173479
729	-0.000205875
730	-0.00024021
731	-0.000276439
732	-0.000314618
733	-0.000354682
734	-0.000396571
735	-0.000440318
736	-0.00048584
737	-0.000533058
738	-0.000581986
739	-0.000632515
740	-0.000684551
741	-0.000738085
742	-0.00079298
743	-0.000849131
744	-0.0009065
745	-0.000964925
746	-0.00102429
747	-0.00108452
748	-0.00114544
749	-0.00120692
750	-0.00126885
751	-0.00133103
752	-0.00139333
753	-0.0014556
754	-0.00151762
755	-0.00157924
756	-0.00164031
757	-0.00170057
758	-0.00175988
759	-0.00181803
760	-0.00187478
761	-0.00192997
762	-0.00198336
763	-0.0020347
764	-0.00208385
765	-0.00213052
766	-0.00217449
767	-0.00221558
768	-0.0022535
769	-0.00228805
770	-0.00231903
771	-0.00234614
772	-0.00236922
773	-0.00238803
774	-0.00240231
775	-0.0024119
776	-0.00241653
777	-0.00241602
778	-0.00241019
779	-0.00239879
780	-0.00238166
781	-0.00235864
782	-0.0023295
783	-0.00229414
784	-0.00225237
785	-0.00220405
786	-0.0021491
787	-0.00208733
788	-0.0020187
789	-0.00194311
790	-0.00186046
791	-0.00177076
792	-0.00167391
793	-0.00156992
794	-0.00145882
795	-0.00134058
796	-0.00121528
797	-0.00108297
798	-0.000943715
799	-0.000797671
800	-0.000644919
801	-0.000485635
802	-0.000320014
803	-0.000148211
804	2.94932e-05
805	0.00021288
806	0.000401672
807	0.000595531
808	0.000794179
809	0.000997214
810	0.00120427
811	0.00141496
812	0.00162881
813	0.0018454
814	0.00206421
815	0.00228474
816	0.00250649
817	0.00272883
818	0.00295124
819	0.00317308
820	0.00339373
821	0.00361255
822	0.00382884
823	0.00404194
824	0.00425113
825	0.00445568
826	0.00465487
827	0.00484791
828	0.00503407
829	0.00521255
830	0.00538255
831	0.00554332
832	0.005694
833	0.00583383
834	0.00596199
835	0.00607767
836	0.00618009
837	0.00626841
838	0.00634189
839	0.00639972
840	0.00644114
841	0.00646542
842	0.00647179
843	0.00645959
844	0.00642808
845	0.00637664
846	0.00630462
847	0.00621142
848	0.0060965
849	0.00595929
850	0.00579937
851	0.00561624
852	0.00540955
853	0.00517895
854	0.00492413
855	0.0046449
856	0.00434104
857	0.00401247
858	0.00365914
859	0.00328106
860	0.00287834
861	0.00245111
862	0.00199966
863	0.00152425
864	0.00102531
865	0.000503307
866	-4.12123e-05
867	-0.000607575
868	-0.00119509
869	-0.00180289
870	-0.00243012
871	-0.00307574
872	-0.00373868
873	-0.00441777
874	-0.00511171
875	-0.00581916
876	-0.00653865
877	-0.00726864
878	-0.00800749
879	-0.00875346
880	-0.00950477
881	-0.0102595
882	-0.0110156
883	-0.0117711
884	-0.0125238
885	-0.0132714
886	-0.0140118
887	-0.0147424
888	-0.0154608
889	-0.0161647
890	-0.0168513
891	-0.017518
892	-0.0181623
893	-0.0187814
894	-0.0193724
895	-0.0199328
896	-0.0204596
897	-0.0209501
898	-0.0214014
899	-0.0218106
900	-0.022175
901	-0.0224917
902	-0.022758
903	-0.022971
904	-0.023128
905	-0.0232264
906	-0.0232636
907	-0.0232369
908	-0.0231439
909	-0.0229822
910	-0.0227494
911	-0.0224435
912	-0.0220623
913	-0.0216039
914	-0.0210665
915	-0.0204483
916	-0.019748
917	-0.0189641
918	-0.0180955
919	-0.0171412
920	-0.0161005
921	-0.0149729
922	-0.0137579
923	-0.0124554
924	-0.0110657
925	-0.00958909
926	-0.00802617
927	-0.00637788
928	-0.00464539
929	-0.00283016
930	-0.000933929
931	0.00104125
932	0.00309306
933	0.00521882
934	0.00741561
935	0.00968013
936	0.0120088
937	0.0143977
938	0.0168426
939	0.019339
940	0.0218819
941	0.0244662
942	0.0270863
943	0.0297363
944	0.0324103
945	0.0351015
946	0.0378033
947	0.0405087
948	0.0432101
949	0.0459001
950	0.0485706
951	0.0512135
952	0.0538204
953	0.0563826
954	0.0588912
955	0.0613372
956	0.0637113
957	0.066004
958	0.0682057
959	0.0703068
960	0.0722975
961	0.0741678
962	0.0759078
963	0.0775075
964	0.0789569
965	0.080246
966	0.081365
967	0.0823039
968	0.0830531
969	0.083603
970	0.0839442
971	0.0840673
972	0.0839636
973	0.0836243
974	0.083041
975	0.0822057
976	0.0811108
977	0.0797489
978	0.0781135
979	0.076198
980	0.073997
981	0.071505
982	0.0687176
983	0.0656308
984	0.0622414
985	0.0585468
986	0.0545452
987	0.0502355
988	0.0456177
989	0.0406923
990	0.0354608
991	0.0299257
992	0.0240904
993	0.0179593
994	0.0115376
995	0.00483172
996	-0.00215089
997	-0.00940179
998	-0.0169114
999	-0.0246691
