0	0.397148
1	0.362084
2	0.320324
3	0.277928
4	0.234987
5	0.191578
6	0.147796
7	0.103716
8	0.0594394
9	0.0150358
10	-0.0293858
11	-0.0737641
12	-0.117978
13	-0.161983
14	-0.205639
15	-0.248924
16	-0.291676
17	-0.333902
18	-0.375411
19	-0.416246
20	-0.456182
21	-0.495307
22	-0.533352
23	-0.57046
24	-0.606312
25	-0.641112
26	-0.674488
27	-0.706705
28	-0.737341
29	-0.766721
30	-0.794376
31	-0.820686
32	-0.845144
33	-0.868173
34	-0.889245
35	-0.908807
36	-0.926333
37	-0.942265
38	-0.956114
39	-0.968284
40	-0.978355
41	-0.986657
42	-0.99288
43	-0.99724
44	-0.999575
45	-0.999949
46	-0.998385
47	-0.994765
48	-0.989318
49	-0.981731
50	-0.972443
51	-0.960953
52	-0.94789
53	-0.932599
54	-0.915849
55	-0.896896
56	-0.876572
57	-0.854131
58	-0.830369
59	-0.80465
60	-0.777618
61	-0.748861
62	-0.71877
63	-0.687255
64	-0.654376
65	-0.620428
66	-0.58512
67	-0.549132
68	-0.511861
69	-0.474296
70	-0.435627
71	-0.396989
72	-0.35752
73	-0.318269
74	-0.278508
75	-0.238961
76	-0.19923
77	-0.159549
78	-0.120019
79	-0.0803442
80	-0.041191
81	-0.00181423
82	0.0366787
83	0.0753192
84	0.112863
85	0.150363
86	0.186793
87	0.222869
88	0.258056
89	0.292429
90	0.326118
91	0.358488
92	0.390352
93	0.420549
94	0.450303
95	0.478265
96	0.505588
97	0.531212
98	0.555765
99	0.578924
100	0.600507
101	0.621067
102	0.639593
103	0.657299
104	0.672745
105	0.687305
106	0.699741
107	0.71093
108	0.720395
109	0.728055
110	0.734479
111	0.738627
112	0.741864
113	0.742664
114	0.742493
115	0.740141
116	0.736396
117	0.731059
118	0.723745
119	0.715425
120	0.704733
121	0.693303
122	0.679585
123	0.664899
124	0.648483
125	0.630518
126	0.611587
127	0.590579
128	0.569104
129	0.545491
130	0.521345
131	0.495613
132	0.468784
133	0.441239
134	0.41199
135	0.382671
136	0.351546
137	0.320334
138	0.287925
139	0.254821
140	0.2215
141	0.186843
142	0.152637
143	0.117077
144	0.0818463
145	0.046042
146	0.00983371
147	-0.025886
148	-0.062602
149	-0.0983109
150	-0.134773
151	-0.17064
152	-0.206223
153	-0.242074
154	-0.276634
155	-0.311805
156	-0.345582
157	-0.379266
158	-0.412372
159	-0.444166
160	-0.476166
161	-0.50625
162	-0.536298
163	-0.565002
164	-0.592474
165	-0.619635
166	-0.644587
167	-0.669433
168	-0.692335
169	-0.714088
170	-0.73504
171	-0.753636
172	-0.771987
173	-0.78798
174	-0.802878
175	-0.816598
176	-0.827881
177	-0.838801
178	-0.847114
179	-0.854343
180	-0.860187
181	-0.863543
182	-0.866482
183	-0.866704
184	-0.865835
185	-0.863564
186	-0.858746
187	-0.853559
188	-0.845689
189	-0.83668
190	-0.826453
191	-0.813632
192	-0.800563
193	-0.785002
194	-0.768208
195	-0.750585
196	-0.730335
197	-0.709982
198	-0.687553
199	-0.663703
200	-0.639566
201	-0.612893
202	-0.586169
203	-0.558037
204	-0.52824
205	-0.498744
206	-0.467026
207	-0.435111
208	-0.402728
209	-0.368448
210	-0.334902
211	-0.299857
212	-0.264192
213	-0.229104
214	-0.192188
215	-0.155998
216	-0.119485
217	-0.0818387
218	-0.0455437
219	-0.00808581
220	0.0291892
221	0.0654074
222	0.10293
223	0.139046
224	0.174939
225	0.211453
226	0.245966
227	0.28103
228	0.315535
229	0.348195
230	0.381668
231	0.413412
232	0.44397
233	0.474968
234	0.503469
235	0.531557
236	0.559239
237	0.584218
238	0.609332
239	0.633017
240	0.654285
241	0.675843
242	0.69506
243	0.712438
244	0.729872
245	0.744338
246	0.757622
247	0.770424
248	0.779819
249	0.787576
250	0.790748
251	0.790253
252	0.792225
253	0.792812
254	0.790239
255	0.787048
256	0.781278
257	0.772879
258	0.764018
259	0.752601
260	0.739205
261	0.725461
262	0.709332
263	0.69179
264	0.674002
265	0.654094
266	0.633249
267	0.612279
268	0.589498
269	0.566175
270	0.542872
271	0.518084
272	0.493073
273	0.468255
274	0.442269
275	0.416316
276	0.390747
277	0.36431
278	0.338102
279	0.312478
280	0.286264
281	0.26042
282	0.235359
283	0.209966
284	0.185032
285	0.161064
286	0.137007
287	0.11345
288	0.0910166
289	0.068728
290	0.0469379
291	0.0263851
292	0.0062099
293	-0.0134985
294	-0.0319147
295	-0.0497202
296	-0.0671025
297	-0.0832112
298	-0.098482
299	-0.11336
300	-0.127064
301	-0.139728
302	-0.151987
303	-0.163247
304	-0.173321
305	-0.182915
306	-0.191732
307	-0.199314
308	-0.206271
309	-0.212671
310	-0.217915
311	-0.222353
312	-0.226383
313	-0.229468
314	-0.231594
315	-0.233335
316	-0.234427
317	-0.234523
318	-0.234125
319	-0.233356
320	-0.23173
321	-0.22944
322	-0.226922
323	-0.22384
324	-0.220002
325	-0.215885
326	-0.211526
327	-0.206516
328	-0.201058
329	-0.195531
330	-0.189651
331	-0.183229
332	-0.176671
333	-0.170079
334	-0.163087
335	-0.155778
336	-0.148539
337	-0.141229
338	-0.133573
339	-0.125836
340	-0.118268
341	-0.110602
342	-0.102708
343	-0.0949177
344	-0.087337
345	-0.0796676
346	-0.0718997
347	-0.0643617
348	-0.0570544
349	-0.0496948
350	-0.0423455
351	-0.035305
352	-0.0285186
353	-0.0217274
354	-0.0150201
355	-0.00866743
356	-0.00260084
357	0.00342306
358	0.00932677
359	0.0148567
360	0.0200604
361	0.0251752
362	0.030167
363	0.0347941
364	0.0390522
365	0.0431696
366	0.0471833
367	0.0508768
368	0.0541698
369	0.0572545
370	0.060255
371	0.0630189
372	0.0653877
373	0.0674663
374	0.0694459
375	0.071294
376	0.0728204
377	0.0739932
378	0.0749913
379	0.0759275
380	0.0766857
381	0.0771135
382	0.0772604
383	0.0773077
384	0.0773107
385	0.0771339
386	0.0766582
387	0.0759559
388	0.0751958
389	0.0744232
390	0.0735149
391	0.0723546
392	0.0709911
393	0.0695811
394	0.0682027
395	0.0667734
396	0.0651627
397	0.0633535
398	0.0614662
399	0.0596283
400	0.0578441
401	0.0560029
402	0.054005
403	0.0518689
404	0.0497147
405	0.047652
406	0.0456844
407	0.0437163
408	0.0416466
409	0.0394593
410	0.0372376
411	0.0350972
412	0.0331002
413	0.0312161
414	0.0293508
415	0.0274176
416	0.0253954
417	0.0233405
418	0.0213509
419	0.0195105
420	0.0178472
421	0.0163244
422	0.0148643
423	0.0133861
424	0.0118397
425	0.0102227
426	0.00857694
427	0.00697109
428	0.0054788
429	0.00416027
430	0.00305164
431	0.00216291
432	0.00148209
433	0.000982545
434	0.000630684
435	0.000392295
436	0.000236654
437	0.000138569
438	7.88144e-05
439	4.35768e-05
440	2.3438e-05
441	1.22713e-05
442	6.25792e-06
443	3.11027e-06
444	1.50741e-06
445	7.12779e-07
446	3.28985e-07
447	1.48284e-07
448	6.52969e-08
449	2.81025e-08
450	1.18254e-08
451	4.86697e-09
452	1.95983e-09
453	7.72376e-10
454	2.98004e-10
455	1.12595e-10
456	4.16707e-11
457	1.51102e-11
458	5.36952e-12
459	1.87037e-12
460	6.38756e-13
461	2.13917e-13
462	7.02653e-14
463	2.26413e-14
464	7.15742e-15
465	2.2205e-15
466	6.75456e-16
467	2.01594e-16
468	5.8935e-17
469	1.6676e-17
470	4.36751e-18
471	1.06541e-18
472	-6.61744e-20
473	-2.38228e-19
474	-3.40798e-19
475	-3.40798e-19
476	-9.26442e-20
477	-2.14498e-19
478	-2.87859e-19
479	-1.78671e-19
480	-3.30872e-20
481	-1.65436e-19
482	-2.91168e-19
483	-1.98523e-20
484	-3.97047e-20
485	-1.05879e-19
486	-3.97047e-20
487	-7.94093e-20
488	-2.64698e-20
489	-3.97047e-20
490	-9.26442e-20
491	5.29396e-20
492	-2.64698e-20
493	-2.38228e-19
494	-1.05879e-19
495	-3.17637e-19
496	-2.64698e-20
497	-5.29396e-20
498	5.29396e-20
499	1.32349e-19
500	-1.05879e-19
501	-1.85288e-19
502	-3.44107e-19
503	-1.85288e-19
504	-1.05879e-19
505	-7.94093e-20
506	7.94093e-20
507	5.29396e-20
508	1.58819e-19
509	-2.11758e-19
510	-2.11758e-19
511	0
512	0
513	4.23516e-19
514	2.11758e-19
515	5.29396e-20
516	-3.17637e-19
517	2.64698e-19
518	5.29396e-20
519	-5.82335e-19
520	3.70577e-19
521	-3.17637e-19
522	-1.58819e-19
523	1.58819e-19
524	-2.11758e-19
525	-7.94093e-19
526	-5.82335e-19
527	5.29396e-20
528	-5.29396e-19
529	1.58819e-19
530	4.76456e-19
531	2.11758e-19
532	5.29396e-20
533	-4.23516e-19
534	-8.47033e-19
535	-2.85874e-18
536	-9.58206e-18
537	-2.94344e-17
538	-9.01561e-17
539	-2.72427e-16
540	-8.05264e-16
541	-2.33596e-15
542	-6.63994e-15
543	-1.8508e-14
544	-5.05544e-14
545	-1.353e-13
546	-3.5471e-13
547	-9.10685e-13
548	-2.2891e-12
549	-5.63172e-12
550	-1.3557e-11
551	-3.19222e-11
552	-7.34989e-11
553	-1.65414e-10
554	-3.63746e-10
555	-7.81243e-10
556	-1.63813e-09
557	-3.35185e-09
558	-6.68941e-09
559	-1.30148e-08
560	-2.46714e-08
561	-4.55424e-08
562	-8.18164e-08
563	-1.42954e-07
564	-2.42774e-07
565	-4.0047e-07
566	-6.41219e-07
567	-9.95921e-07
568	-1.49953e-06
569	-2.18754e-06
570	-3.09063e-06
571	-4.22803e-06
572	-5.6012e-06
573	-7.18999e-06
574	-8.95405e-06
575	-1.08409e-05
576	-1.28002e-05
577	-1.48014e-05
578	-1.6847e-05
579	-1.89758e-05
580	-2.1251e-05
581	-2.37355e-05
582	-2.64633e-05
583	-2.94224e-05
584	-3.25604e-05
585	-3.5813e-05
586	-3.91429e-05
587	-4.25651e-05
588	-4.61393e-05
589	-4.99316e-05
590	-5.39679e-05
591	-5.82142e-05
592	-6.26005e-05
593	-6.70754e-05
594	-7.1648e-05
595	-7.63797e-05
596	-8.13303e-05
597	-8.65015e-05
598	-9.18317e-05
599	-9.72514e-05
600	-0.000102747
601	-0.000108372
602	-0.000114187
603	-0.00012019
604	-0.000126312
605	-0.000132487
606	-0.000138717
607	-0.000145064
608	-0.000151568
609	-0.000158187
610	-0.000164839
611	-0.000171492
612	-0.000178195
613	-0.000184997
614	-0.000191874
615	-0.00019874
616	-0.000205553
617	-0.000212355
618	-0.000219195
619	-0.000226042
620	-0.000232808
621	-0.000239461
622	-0.000246049
623	-0.000252607
624	-0.000259081
625	-0.000265387
626	-0.000271523
627	-0.000277544
628	-0.000283452
629	-0.000289162
630	-0.000294622
631	-0.000299871
632	-0.000304946
633	-0.000309793
634	-0.000314331
635	-0.000318569
636	-0.000322563
637	-0.000326285
638	-0.000329651
639	-0.000332644
640	-0.000335322
641	-0.000337682
642	-0.000339641
643	-0.000341169
644	-0.000342325
645	-0.000343116
646	-0.000343467
647	-0.000343344
648	-0.000342807
649	-0.000341869
650	-0.000340457
651	-0.000338546
652	-0.000336199
653	-0.000333428
654	-0.000330159
655	-0.000326387
656	-0.000322183
657	-0.000317542
658	-0.0003124
659	-0.000306777
660	-0.000300745
661	-0.000294282
662	-0.000287338
663	-0.000279968
664	-0.000272231
665	-0.000264085
666	-0.000255515
667	-0.000246603
668	-0.000237379
669	-0.000227797
670	-0.000217891
671	-0.000207748
672	-0.000197359
673	-0.000186705
674	-0.000175866
675	-0.000164904
676	-0.000153785
677	-0.000142545
678	-0.000131285
679	-0.000120013
680	-0.000108719
681	-9.74975e-05
682	-8.64139e-05
683	-7.54474e-05
684	-6.46544e-05
685	-5.41399e-05
686	-4.39086e-05
687	-3.39753e-05
688	-2.44522e-05
689	-1.53869e-05
690	-6.77102e-06
691	1.30411e-06
692	8.75058e-06
693	1.55766e-05
694	2.17244e-05
695	2.70825e-05
696	3.16405e-05
697	3.53734e-05
698	3.81657e-05
699	3.99806e-05
700	4.08169e-05
701	4.05712e-05
702	3.91815e-05
703	3.66596e-05
704	3.29236e-05
705	2.78936e-05
706	2.15856e-05
707	1.39431e-05
708	4.87737e-06
709	-5.59639e-06
710	-1.75091e-05
711	-3.09499e-05
712	-4.59057e-05
713	-6.23836e-05
714	-8.04663e-05
715	-0.000100141
716	-0.000121394
717	-0.000144297
718	-0.000168833
719	-0.00019497
720	-0.000222764
721	-0.000252194
722	-0.000283207
723	-0.000315845
724	-0.000350074
725	-0.000385826
726	-0.000423124
727	-0.00046192
728	-0.00050213
729	-0.000543758
730	-0.00058674
731	-0.000630973
732	-0.000676446
733	-0.000723071
734	-0.000770732
735	-0.000819399
736	-0.000868961
737	-0.000919288
738	-0.000970333
739	-0.00102196
740	-0.00107402
741	-0.00112646
742	-0.00117911
743	-0.00123182
744	-0.00128451
745	-0.00133699
746	-0.0013891
747	-0.00144074
748	-0.0014917
749	-0.00154182
750	-0.00159098
751	-0.00163894
752	-0.00168556
753	-0.00173068
754	-0.00177406
755	-0.00181557
756	-0.001855
757	-0.00189214
758	-0.00192684
759	-0.00195888
760	-0.00198807
761	-0.00201424
762	-0.00203717
763	-0.00205667
764	-0.0020726
765	-0.0020847
766	-0.00209284
767	-0.00209684
768	-0.00209648
769	-0.00209164
770	-0.00208213
771	-0.00206779
772	-0.00204849
773	-0.00202406
774	-0.00199437
775	-0.00195933
776	-0.00191876
777	-0.0018726
778	-0.00182075
779	-0.0017631
780	-0.00169962
781	-0.00163022
782	-0.00155486
783	-0.00147354
784	-0.00138621
785	-0.00129289
786	-0.00119361
787	-0.00108837
788	-0.000977281
789	-0.000860362
790	-0.000737725
791	-0.000609497
792	-0.000475767
793	-0.000336731
794	-0.000192533
795	-4.33603e-05
796	0.000110541
797	0.00026898
798	0.000431668
799	0.000598333
800	0.000768699
801	0.000942402
802	0.00111914
803	0.00129852
804	0.00148016
805	0.00166367
806	0.00184859
807	0.0020345
808	0.00222091
809	0.00240733
810	0.00259327
811	0.00277816
812	0.0029615
813	0.00314271
814	0.00332118
815	0.00349638
816	0.00366764
817	0.00383436
818	0.00399593
819	0.00415166
820	0.00430094
821	0.00444308
822	0.00457742
823	0.00470331
824	0.00482003
825	0.00492696
826	0.00502338
827	0.00510863
828	0.00518207
829	0.005243
830	0.0052908
831	0.0053248
832	0.00534439
833	0.00534897
834	0.00533791
835	0.00531068
836	0.00526668
837	0.00520542
838	0.00512639
839	0.00502911
840	0.00491317
841	0.00477813
842	0.00462366
843	0.0044494
844	0.0042551
845	0.00404051
846	0.00380542
847	0.00354973
848	0.00327331
849	0.00297615
850	0.00265826
851	0.00231972
852	0.00196069
853	0.00158134
854	0.00118198
855	0.000762911
856	0.000324553
857	-0.000132619
858	-0.000608075
859	-0.00110117
860	-0.00161125
861	-0.00213751
862	-0.00267913
863	-0.0032352
864	-0.0038047
865	-0.00438658
866	-0.00497967
867	-0.00558277
868	-0.00619455
869	-0.00681365
870	-0.00743862
871	-0.00806791
872	-0.00869995
873	-0.00933303
874	-0.00996545
875	-0.0105954
876	-0.0112209
877	-0.0118402
878	-0.0124512
879	-0.0130518
880	-0.01364
881	-0.0142136
882	-0.0147704
883	-0.0153081
884	-0.0158246
885	-0.0163174
886	-0.0167843
887	-0.0172229
888	-0.0176308
889	-0.0180057
890	-0.0183452
891	-0.0186469
892	-0.0189085
893	-0.0191276
894	-0.0193018
895	-0.019429
896	-0.0195069
897	-0.0195332
898	-0.0195058
899	-0.0194227
900	-0.0192819
901	-0.0190814
902	-0.0188194
903	-0.0184941
904	-0.018104
905	-0.0176475
906	-0.0171233
907	-0.01653
908	-0.0158666
909	-0.0151322
910	-0.0143258
911	-0.013447
912	-0.0124952
913	-0.0114702
914	-0.0103718
915	-0.0092003
916	-0.00795593
917	-0.00663927
918	-0.00525108
919	-0.00379238
920	-0.00226439
921	-0.000668604
922	0.000993261
923	0.00271922
924	0.00450703
925	0.0063542
926	0.00825796
927	0.0102153
928	0.0122229
929	0.0142772
930	0.0163744
931	0.0185103
932	0.0206805
933	0.0228805
934	0.0251053
935	0.0273497
936	0.0296082
937	0.0318752
938	0.0341447
939	0.0364106
940	0.0386663
941	0.0409053
942	0.0431207
943	0.0453053
944	0.047452
945	0.0495532
946	0.0516014
947	0.0535887
948	0.0555073
949	0.0573491
950	0.0591059
951	0.0607696
952	0.0623317
953	0.0637841
954	0.0651182
955	0.0663258
956	0.0673984
957	0.0683277
958	0.0691056
959	0.0697239
960	0.0701744
961	0.0704495
962	0.0705412
963	0.0704422
964	0.0701452
965	0.0696432
966	0.0689295
967	0.0679976
968	0.0668416
969	0.0654557
970	0.0638349
971	0.0619742
972	0.0598693
973	0.0575165
974	0.0549125
975	0.0520547
976	0.0489408
977	0.0455694
978	0.0419398
979	0.0380518
980	0.033906
981	0.0295037
982	0.0248471
983	0.019939
984	0.0147831
985	0.00938398
986	0.00374701
987	-0.00212151
988	-0.00821444
989	-0.0145237
990	-0.0210403
991	-0.0277543
992	-0.0346548
993	-0.0417301
994	-0.0489672
995	-0.0563526
996	-0.0638716
997	-0.0715084
998	-0.0792464
999	-0.0870683
