0	0.587785
1	0.556719
2	0.519266
3	0.480801
4	0.441366
5	0.401088
6	0.359984
7	0.318211
8	0.27576
9	0.232822
10	0.18936
11	0.145597
12	0.101467
13	0.0572221
14	0.0127724
15	-0.0316043
16	-0.0760224
17	-0.120182
18	-0.164217
19	-0.207812
20	-0.251114
21	-0.293802
22	-0.33603
23	-0.377476
24	-0.418292
25	-0.458172
26	-0.497251
27	-0.535255
28	-0.572285
29	-0.608117
30	-0.6428
31	-0.676181
32	-0.70824
33	-0.738913
34	-0.76809
35	-0.795815
36	-0.821877
37	-0.846439
38	-0.869178
39	-0.890383
40	-0.90962
41	-0.927301
42	-0.942886
43	-0.956898
44	-0.968715
45	-0.978939
46	-0.986905
47	-0.99325
48	-0.997315
49	-0.999715
50	-0.999864
51	-0.998285
52	-0.994534
53	-0.988974
54	-0.981373
55	-0.971871
56	-0.960502
57	-0.947146
58	-0.932133
59	-0.915077
60	-0.896601
61	-0.876091
62	-0.854409
63	-0.830798
64	-0.806254
65	-0.779998
66	-0.752999
67	-0.724585
68	-0.695517
69	-0.665354
70	-0.63448
71	-0.602801
72	-0.570239
73	-0.537136
74	-0.502982
75	-0.468566
76	-0.433064
77	-0.397578
78	-0.361126
79	-0.32485
80	-0.287824
81	-0.250939
82	-0.213604
83	-0.176255
84	-0.138882
85	-0.101343
86	-0.0642523
87	-0.0268766
88	0.00970267
89	0.0466011
90	0.0825363
91	0.11861
92	0.15372
93	0.188572
94	0.22265
95	0.255983
96	0.288829
97	0.320437
98	0.351745
99	0.381457
100	0.410863
101	0.438604
102	0.465778
103	0.491482
104	0.516109
105	0.539628
106	0.561515
107	0.582651
108	0.601749
109	0.620201
110	0.636528
111	0.651976
112	0.665593
113	0.677811
114	0.688691
115	0.697579
116	0.705571
117	0.711223
118	0.716085
119	0.718686
120	0.720164
121	0.719883
122	0.717872
123	0.714742
124	0.709345
125	0.703222
126	0.694735
127	0.685407
128	0.674164
129	0.661512
130	0.647708
131	0.631868
132	0.61547
133	0.596828
134	0.577655
135	0.556687
136	0.534639
137	0.511662
138	0.486925
139	0.461965
140	0.435035
141	0.407926
142	0.379392
143	0.350066
144	0.320299
145	0.289042
146	0.258049
147	0.225488
148	0.193083
149	0.159878
150	0.126067
151	0.0925303
152	0.057767
153	0.0237938
154	-0.0111553
155	-0.0457668
156	-0.0802875
157	-0.115357
158	-0.149343
159	-0.184183
160	-0.217905
161	-0.251701
162	-0.285256
163	-0.317652
164	-0.350541
165	-0.381765
166	-0.413109
167	-0.443474
168	-0.472687
169	-0.501934
170	-0.529159
171	-0.556429
172	-0.582124
173	-0.606681
174	-0.630821
175	-0.652701
176	-0.674499
177	-0.694288
178	-0.712907
179	-0.730765
180	-0.746198
181	-0.761413
182	-0.774338
183	-0.78603
184	-0.796768
185	-0.804931
186	-0.812797
187	-0.818249
188	-0.822351
189	-0.825483
190	-0.825924
191	-0.826033
192	-0.823764
193	-0.819991
194	-0.815415
195	-0.808057
196	-0.800368
197	-0.790541
198	-0.778983
199	-0.766952
200	-0.752155
201	-0.736969
202	-0.720125
203	-0.701286
204	-0.682376
205	-0.660904
206	-0.638868
207	-0.615895
208	-0.590674
209	-0.565726
210	-0.538755
211	-0.510824
212	-0.482851
213	-0.452586
214	-0.422632
215	-0.391618
216	-0.35914
217	-0.327388
218	-0.293785
219	-0.26009
220	-0.226584
221	-0.191307
222	-0.157028
223	-0.121996
224	-0.0861354
225	-0.0515677
226	-0.0156065
227	0.0198818
228	0.0545506
229	0.0905376
230	0.124994
231	0.159453
232	0.194459
233	0.227488
234	0.261197
235	0.294317
236	0.325652
237	0.357872
238	0.388413
239	0.417776
240	0.447687
241	0.475179
242	0.502196
243	0.529026
244	0.553158
245	0.577361
246	0.600466
247	0.620991
248	0.64171
249	0.659582
250	0.672273
251	0.684455
252	0.695892
253	0.70574
254	0.714654
255	0.719953
256	0.723472
257	0.725695
258	0.724549
259	0.722179
260	0.718351
261	0.711558
262	0.703963
263	0.694844
264	0.683223
265	0.671118
266	0.657527
267	0.641893
268	0.626032
269	0.608804
270	0.589965
271	0.571114
272	0.55108
273	0.529817
274	0.508737
275	0.486699
276	0.463759
277	0.441185
278	0.4179
279	0.393987
280	0.37061
281	0.346779
282	0.322543
283	0.298995
284	0.275253
285	0.251282
286	0.22813
287	0.20504
288	0.181855
289	0.159588
290	0.137634
291	0.115689
292	0.0947189
293	0.0743006
294	0.0539791
295	0.0346378
296	0.0160706
297	-0.00231562
298	-0.01977
299	-0.0362586
300	-0.0524679
301	-0.067845
302	-0.0821139
303	-0.0959768
304	-0.109144
305	-0.121133
306	-0.132556
307	-0.143427
308	-0.153145
309	-0.162116
310	-0.170646
311	-0.178153
312	-0.184744
313	-0.190932
314	-0.19631
315	-0.200674
316	-0.204574
317	-0.20791
318	-0.210255
319	-0.211996
320	-0.213372
321	-0.213925
322	-0.213727
323	-0.213233
324	-0.212192
325	-0.21035
326	-0.208133
327	-0.205637
328	-0.202466
329	-0.19877
330	-0.194923
331	-0.19068
332	-0.185843
333	-0.180791
334	-0.175623
335	-0.169997
336	-0.164
337	-0.157992
338	-0.15182
339	-0.145245
340	-0.138543
341	-0.131916
342	-0.125092
343	-0.117999
344	-0.110968
345	-0.104035
346	-0.0969189
347	-0.0896873
348	-0.0826421
349	-0.0757016
350	-0.0686265
351	-0.061569
352	-0.0547742
353	-0.0480974
354	-0.041348
355	-0.0347123
356	-0.0283877
357	-0.0222072
358	-0.0160104
359	-0.00998511
360	-0.00430376
361	0.00119639
362	0.00666968
363	0.0119499
364	0.0168656
365	0.0215541
366	0.0261837
367	0.0306314
368	0.0347118
369	0.0385125
370	0.0422227
371	0.0457882
372	0.0490136
373	0.0519088
374	0.0546659
375	0.0573249
376	0.0597128
377	0.0617446
378	0.0635652
379	0.0653095
380	0.066889
381	0.0681472
382	0.0691158
383	0.0699665
384	0.0707493
385	0.071328
386	0.0715996
387	0.0716539
388	0.0716452
389	0.0715773
390	0.071312
391	0.0707763
392	0.0700696
393	0.0693332
394	0.0685698
395	0.0676545
396	0.0665085
397	0.0652061
398	0.0638863
399	0.0625901
400	0.0612236
401	0.0596812
402	0.0579746
403	0.0562234
404	0.0545276
405	0.052868
406	0.0511383
407	0.0492635
408	0.0472798
409	0.0453009
410	0.0434132
411	0.0416027
412	0.0397774
413	0.0378544
414	0.0358339
415	0.0337991
416	0.0318508
417	0.030034
418	0.0283109
419	0.0265949
420	0.0248136
421	0.0229573
422	0.0210829
423	0.0192789
424	0.0176161
425	0.0161128
426	0.0147314
427	0.0134001
428	0.0120485
429	0.0106354
430	0.00916278
431	0.00767063
432	0.00622142
433	0.00488047
434	0.00370005
435	0.0027106
436	0.00191937
437	0.0013144
438	0.00087111
439	0.000559163
440	0.000347917
441	0.000210009
442	0.000123075
443	7.00819e-05
444	3.88027e-05
445	2.09045e-05
446	1.09654e-05
447	5.60373e-06
448	2.7916e-06
449	1.3564e-06
450	6.43133e-07
451	2.97715e-07
452	1.34611e-07
453	5.94736e-08
454	2.56864e-08
455	1.08488e-08
456	4.48237e-09
457	1.81229e-09
458	7.17258e-10
459	2.77958e-10
460	1.05502e-10
461	3.9231e-11
462	1.42954e-11
463	5.1058e-12
464	1.78783e-12
465	6.13866e-13
466	2.06726e-13
467	6.82923e-14
468	2.21344e-14
469	7.04e-15
470	2.19738e-15
471	6.72873e-16
472	2.02325e-16
473	5.95769e-17
474	1.70201e-17
475	4.7778e-18
476	1.13158e-18
477	1.19114e-19
478	-1.19114e-19
479	-2.38228e-19
480	-7.94093e-20
481	-3.97047e-20
482	-1.45584e-19
483	-1.72054e-19
484	-1.32349e-19
485	-1.05879e-19
486	-1.58819e-19
487	-1.05879e-19
488	5.29396e-20
489	-1.05879e-19
490	2.64698e-20
491	-2.64698e-20
492	-1.05879e-19
493	-5.29396e-20
494	-2.64698e-20
495	1.32349e-19
496	-2.64698e-20
497	-2.38228e-19
498	-2.11758e-19
499	-1.85288e-19
500	-2.11758e-19
501	0
502	-1.05879e-19
503	-5.29396e-20
504	0
505	-1.05879e-19
506	-2.11758e-19
507	1.05879e-19
508	2.64698e-19
509	2.11758e-19
510	-2.64698e-19
511	5.29396e-20
512	5.29396e-20
513	3.17637e-19
514	-1.58819e-19
515	-3.17637e-19
516	0
517	-3.70577e-19
518	-5.29396e-20
519	1.05879e-19
520	-4.76456e-19
521	-4.76456e-19
522	-1.05879e-19
523	-4.23516e-19
524	-2.11758e-19
525	2.64698e-19
526	2.11758e-19
527	-2.11758e-19
528	0
529	-1.21761e-18
530	-2.91168e-18
531	-9.15854e-18
532	-2.90109e-17
533	-8.71915e-17
534	-2.61998e-16
535	-7.72018e-16
536	-2.22669e-15
537	-6.29917e-15
538	-1.74694e-14
539	-4.74908e-14
540	-1.26515e-13
541	-3.30201e-13
542	-8.44136e-13
543	-2.11311e-12
544	-5.1783e-12
545	-1.24187e-11
546	-2.91373e-11
547	-6.68592e-11
548	-1.49988e-10
549	-3.2883e-10
550	-7.04259e-10
551	-1.47283e-09
552	-3.00635e-09
553	-5.98664e-09
554	-1.16243e-08
555	-2.19966e-08
556	-4.05425e-08
557	-7.27397e-08
558	-1.26962e-07
559	-2.15444e-07
560	-3.55201e-07
561	-5.68593e-07
562	-8.83149e-07
563	-1.33016e-06
564	-1.94166e-06
565	-2.74575e-06
566	-3.76072e-06
567	-4.98937e-06
568	-6.41538e-06
569	-8.00407e-06
570	-9.70914e-06
571	-1.14851e-05
572	-1.33024e-05
573	-1.51606e-05
574	-1.70916e-05
575	-1.91508e-05
576	-2.13958e-05
577	-2.38609e-05
578	-2.65401e-05
579	-2.939e-05
580	-3.23525e-05
581	-3.53901e-05
582	-3.85101e-05
583	-4.17624e-05
584	-4.52082e-05
585	-4.88774e-05
586	-5.27465e-05
587	-5.67551e-05
588	-6.08518e-05
589	-6.5036e-05
590	-6.93582e-05
591	-7.38759e-05
592	-7.86009e-05
593	-8.34853e-05
594	-8.84633e-05
595	-9.3512e-05
596	-9.86713e-05
597	-0.000103999
598	-0.000109508
599	-0.000115142
600	-0.000120837
601	-0.00012658
602	-0.000132423
603	-0.000138409
604	-0.000144518
605	-0.000150675
606	-0.000156838
607	-0.000163038
608	-0.000169327
609	-0.000175699
610	-0.000182084
611	-0.000188428
612	-0.000194752
613	-0.00020111
614	-0.000207492
615	-0.000213824
616	-0.000220057
617	-0.000226221
618	-0.000232361
619	-0.000238447
620	-0.000244401
621	-0.000250196
622	-0.000255878
623	-0.000261469
624	-0.000266908
625	-0.000272128
626	-0.000277143
627	-0.000282002
628	-0.000286677
629	-0.000291091
630	-0.000295224
631	-0.000299125
632	-0.000302799
633	-0.000306172
634	-0.000309203
635	-0.000311934
636	-0.000314388
637	-0.000316503
638	-0.000318227
639	-0.000319594
640	-0.000320638
641	-0.000321308
642	-0.000321546
643	-0.000321388
644	-0.000320872
645	-0.00031995
646	-0.00031857
647	-0.000316772
648	-0.000314595
649	-0.000311989
650	-0.000308915
651	-0.000305424
652	-0.000301548
653	-0.000297234
654	-0.000292463
655	-0.000287299
656	-0.00028176
657	-0.000275791
658	-0.000269405
659	-0.000262672
660	-0.000255588
661	-0.00024811
662	-0.000240286
663	-0.000232179
664	-0.000223762
665	-0.000215022
666	-0.000206038
667	-0.000196844
668	-0.000187406
669	-0.00017776
670	-0.00016799
671	-0.000158093
672	-0.000148058
673	-0.000137969
674	-0.000127878
675	-0.000117762
676	-0.000107667
677	-9.76862e-05
678	-8.78226e-05
679	-7.80817e-05
680	-6.85594e-05
681	-5.93059e-05
682	-5.03081e-05
683	-4.16361e-05
684	-3.33786e-05
685	-2.55329e-05
686	-1.81332e-05
687	-1.12846e-05
688	-5.01339e-06
689	6.74459e-07
690	5.68087e-06
691	9.94637e-06
692	1.34778e-05
693	1.61995e-05
694	1.80262e-05
695	1.89628e-05
696	1.89614e-05
697	1.79241e-05
698	1.58439e-05
699	1.26995e-05
700	8.39304e-06
701	2.90238e-06
702	-3.77221e-06
703	-1.17188e-05
704	-2.09727e-05
705	-3.15179e-05
706	-4.34262e-05
707	-5.67416e-05
708	-7.14365e-05
709	-8.75633e-05
710	-0.000105169
711	-0.000124217
712	-0.000144739
713	-0.00016678
714	-0.000190295
715	-0.000215294
716	-0.000241817
717	-0.000269807
718	-0.000299257
719	-0.000330194
720	-0.000362551
721	-0.000396303
722	-0.000431464
723	-0.000467951
724	-0.000505724
725	-0.000544779
726	-0.000585021
727	-0.000626391
728	-0.000668869
729	-0.000712341
730	-0.000756736
731	-0.000802014
732	-0.000848041
733	-0.000894737
734	-0.000942038
735	-0.000989794
736	-0.00103791
737	-0.00108631
738	-0.00113482
739	-0.00118333
740	-0.00123175
741	-0.00127988
742	-0.00132763
743	-0.00137486
744	-0.00142137
745	-0.00146705
746	-0.00151174
747	-0.00155526
748	-0.00159747
749	-0.0016382
750	-0.00167725
751	-0.0017145
752	-0.00174974
753	-0.0017828
754	-0.00181353
755	-0.00184172
756	-0.0018672
757	-0.00188983
758	-0.00190938
759	-0.00192573
760	-0.00193868
761	-0.00194805
762	-0.0019537
763	-0.00195546
764	-0.00195315
765	-0.00194666
766	-0.0019358
767	-0.00192045
768	-0.00190048
769	-0.00187574
770	-0.00184613
771	-0.00181154
772	-0.00177184
773	-0.00172698
774	-0.00167684
775	-0.00162137
776	-0.00156053
777	-0.00149423
778	-0.00142246
779	-0.00134522
780	-0.00126247
781	-0.00117425
782	-0.00108057
783	-0.000981469
784	-0.000877029
785	-0.000767288
786	-0.00065237
787	-0.00053238
788	-0.000407423
789	-0.000277688
790	-0.000143305
791	-4.47314e-06
792	0.000138585
793	0.000285682
794	0.000436534
795	0.000590895
796	0.000748489
797	0.000908979
798	0.00107208
799	0.00123742
800	0.00140463
801	0.00157335
802	0.00174315
803	0.00191363
804	0.00208434
805	0.00225481
806	0.0024246
807	0.00259317
808	0.00276004
809	0.00292469
810	0.00308656
811	0.00324512
812	0.00339979
813	0.00355
814	0.00369518
815	0.0038347
816	0.00396801
817	0.00409445
818	0.00421343
819	0.00432434
820	0.00442655
821	0.00451945
822	0.00460241
823	0.00467484
824	0.00473612
825	0.00478563
826	0.00482281
827	0.00484706
828	0.00485782
829	0.00485454
830	0.00483667
831	0.00480373
832	0.00475518
833	0.00469058
834	0.00460949
835	0.00451147
836	0.00439617
837	0.00426321
838	0.0041123
839	0.00394314
840	0.00375551
841	0.00354921
842	0.00332408
843	0.00308003
844	0.00281699
845	0.00253497
846	0.00223402
847	0.00191422
848	0.00157576
849	0.00121883
850	0.000843735
851	0.000450794
852	4.04231e-05
853	-0.000386908
854	-0.000830681
855	-0.00129027
856	-0.00176503
857	-0.0022542
858	-0.00275698
859	-0.00327251
860	-0.00379981
861	-0.00433789
862	-0.00488563
863	-0.0054419
864	-0.00600545
865	-0.00657499
866	-0.00714915
867	-0.00772649
868	-0.00830553
869	-0.00888467
870	-0.00946232
871	-0.0100368
872	-0.0106063
873	-0.011169
874	-0.0117232
875	-0.0122669
876	-0.0127981
877	-0.0133148
878	-0.0138151
879	-0.0142969
880	-0.014758
881	-0.0151963
882	-0.0156097
883	-0.0159961
884	-0.0163532
885	-0.0166789
886	-0.016971
887	-0.0172273
888	-0.0174458
889	-0.0176242
890	-0.0177604
891	-0.0178524
892	-0.0178982
893	-0.0178957
894	-0.017843
895	-0.0177383
896	-0.0175797
897	-0.0173657
898	-0.0170944
899	-0.0167644
900	-0.0163743
901	-0.0159227
902	-0.0154084
903	-0.0148304
904	-0.0141876
905	-0.0134794
906	-0.012705
907	-0.011864
908	-0.0109561
909	-0.00998098
910	-0.0089388
911	-0.00782976
912	-0.00665425
913	-0.0054129
914	-0.00410652
915	-0.00273614
916	-0.00130302
917	0.00019137
918	0.00174532
919	0.0033569
920	0.00502392
921	0.00674397
922	0.00851439
923	0.0103323
924	0.0121945
925	0.0140976
926	0.016038
927	0.0180117
928	0.0200147
929	0.0220425
930	0.0240905
931	0.0261538
932	0.0282273
933	0.0303057
934	0.0323834
935	0.0344546
936	0.0365133
937	0.0385533
938	0.0405683
939	0.0425516
940	0.0444965
941	0.0463961
942	0.0482433
943	0.0500309
944	0.0517517
945	0.0533981
946	0.0549628
947	0.0564381
948	0.0578164
949	0.05909
950	0.0602513
951	0.0612926
952	0.0622063
953	0.0629847
954	0.0636205
955	0.0641061
956	0.0644344
957	0.0645981
958	0.0645903
959	0.0644043
960	0.0640335
961	0.0634716
962	0.0627127
963	0.0617512
964	0.0605815
965	0.0591988
966	0.0575986
967	0.0557765
968	0.053729
969	0.0514528
970	0.0489452
971	0.0462041
972	0.0432277
973	0.0400152
974	0.036566
975	0.0328804
976	0.0289594
977	0.0248044
978	0.0204179
979	0.0158029
980	0.010963
981	0.00590307
982	0.00062829
983	-0.00485511
984	-0.0105401
985	-0.0164189
986	-0.0224828
987	-0.0287223
988	-0.0351268
989	-0.0416852
990	-0.0483852
991	-0.0552139
992	-0.0621573
993	-0.0692006
994	-0.0763282
995	-0.0835235
996	-0.0907693
997	-0.0980473
998	-0.105339
999	-0.112623
