0	0.876307
1	0.857454
2	0.833753
3	0.808394
4	0.781459
5	0.752955
6	0.722999
7	0.691574
8	0.658833
9	0.624736
10	0.589469
11	0.552968
12	0.515453
13	0.476837
14	0.437369
15	0.396943
16	0.355834
17	0.313917
18	0.27149
19	0.228414
20	0.185003
21	0.14111
22	0.0970555
23	0.0526937
24	0.00834061
25	-0.0361372
26	-0.0804417
27	-0.124681
28	-0.168591
29	-0.212239
30	-0.255412
31	-0.29812
32	-0.34022
33	-0.381646
34	-0.422346
35	-0.462159
36	-0.50114
37	-0.539024
38	-0.575981
39	-0.611635
40	-0.646277
41	-0.679421
42	-0.711475
43	-0.741854
44	-0.771065
45	-0.798454
46	-0.824595
47	-0.848806
48	-0.871689
49	-0.892592
50	-0.912088
51	-0.929627
52	-0.945694
53	-0.959908
54	-0.972602
55	-0.983623
56	-0.99308
57	-1.00107
58	-1.00743
59	-1.01249
60	-1.01578
61	-1.01784
62	-1.01795
63	-1.01682
64	-1.0136
65	-1.00913
66	-1.00256
67	-0.994743
68	-0.984976
69	-0.973908
70	-0.961087
71	-0.9468
72	-0.930968
73	-0.913463
74	-0.894675
75	-0.874083
76	-0.852492
77	-0.829043
78	-0.804775
79	-0.778665
80	-0.751783
81	-0.723228
82	-0.693868
83	-0.663168
84	-0.631529
85	-0.598941
86	-0.565212
87	-0.530939
88	-0.495397
89	-0.459667
90	-0.42267
91	-0.385663
92	-0.347559
93	-0.309438
94	-0.270607
95	-0.231605
96	-0.192401
97	-0.152782
98	-0.113468
99	-0.0735783
100	-0.0343833
101	0.00535346
102	0.0442651
103	0.0834291
104	0.121889
105	0.160072
106	0.197844
107	0.234741
108	0.271517
109	0.306932
110	0.342294
111	0.376112
112	0.409624
113	0.44176
114	0.473031
115	0.503318
116	0.532089
117	0.560253
118	0.586427
119	0.612074
120	0.635659
121	0.658385
122	0.679394
123	0.698893
124	0.717216
125	0.733387
126	0.748753
127	0.761684
128	0.773725
129	0.78358
130	0.791988
131	0.798837
132	0.803521
133	0.807225
134	0.808356
135	0.808613
136	0.806499
137	0.803028
138	0.797893
139	0.790652
140	0.78247
141	0.771737
142	0.760256
143	0.746484
144	0.731471
145	0.715
146	0.696509
147	0.677361
148	0.655824
149	0.633765
150	0.609769
151	0.584633
152	0.558564
153	0.530574
154	0.502404
155	0.472188
156	0.441673
157	0.409898
158	0.377009
159	0.343973
160	0.309192
161	0.274726
162	0.238864
163	0.202758
164	0.166408
165	0.128912
166	0.0921102
167	0.0540177
168	0.0164575
169	-0.0214033
170	-0.059704
171	-0.0970824
172	-0.135442
173	-0.172638
174	-0.210103
175	-0.247314
176	-0.28342
177	-0.320112
178	-0.355145
179	-0.390303
180	-0.424613
181	-0.457636
182	-0.490842
183	-0.521984
184	-0.553055
185	-0.582817
186	-0.611058
187	-0.639163
188	-0.664874
189	-0.690274
190	-0.714063
191	-0.736066
192	-0.757713
193	-0.7767
194	-0.79514
195	-0.811838
196	-0.826428
197	-0.840587
198	-0.851911
199	-0.862413
200	-0.871257
201	-0.877653
202	-0.883624
203	-0.886747
204	-0.888724
205	-0.889328
206	-0.887169
207	-0.884631
208	-0.879452
209	-0.872709
210	-0.865083
211	-0.854486
212	-0.843457
213	-0.830334
214	-0.815133
215	-0.799597
216	-0.781203
217	-0.762066
218	-0.741709
219	-0.718834
220	-0.695983
221	-0.670875
222	-0.644447
223	-0.617807
224	-0.588568
225	-0.559256
226	-0.528835
227	-0.496434
228	-0.46456
229	-0.430733
230	-0.396152
231	-0.361863
232	-0.325409
233	-0.289406
234	-0.252933
235	-0.214863
236	-0.177929
237	-0.139763
238	-0.101091
239	-0.0635706
240	-0.024473
241	0.013943
242	0.0516989
243	0.0907956
244	0.1283
245	0.165819
246	0.203952
247	0.240036
248	0.276629
249	0.312399
250	0.344383
251	0.375984
252	0.406218
253	0.43394
254	0.460881
255	0.484516
256	0.505821
257	0.52599
258	0.542764
259	0.557792
260	0.571378
261	0.581746
262	0.590815
263	0.598197
264	0.602693
265	0.60621
266	0.607902
267	0.607112
268	0.60557
269	0.602179
270	0.596724
271	0.590691
272	0.582882
273	0.573406
274	0.563503
275	0.551971
276	0.539131
277	0.526009
278	0.511455
279	0.495909
280	0.480231
281	0.463345
282	0.445739
283	0.428158
284	0.409607
285	0.390562
286	0.371706
287	0.352118
288	0.332225
289	0.312679
290	0.292639
291	0.272441
292	0.252743
293	0.232781
294	0.212774
295	0.1934
296	0.173986
297	0.154611
298	0.135974
299	0.117514
300	0.0991527
301	0.0815971
302	0.064429
303	0.0474068
304	0.0312105
305	0.0155991
306	0.000182528
307	-0.0144396
308	-0.0283033
309	-0.0419065
310	-0.0547952
311	-0.0667941
312	-0.0784369
313	-0.0894795
314	-0.0995653
315	-0.109166
316	-0.118288
317	-0.12647
318	-0.134017
319	-0.141176
320	-0.147504
321	-0.153061
322	-0.158253
323	-0.162792
324	-0.166489
325	-0.16976
326	-0.172578
327	-0.174589
328	-0.176056
329	-0.177213
330	-0.177722
331	-0.177577
332	-0.177152
333	-0.176311
334	-0.174807
335	-0.172936
336	-0.170848
337	-0.168238
338	-0.165147
339	-0.161901
340	-0.158375
341	-0.154357
342	-0.150098
343	-0.14576
344	-0.14109
345	-0.136069
346	-0.130997
347	-0.125841
348	-0.120371
349	-0.114729
350	-0.109144
351	-0.10346
352	-0.0975374
353	-0.091601
354	-0.0857754
355	-0.079854
356	-0.0737938
357	-0.0678375
358	-0.06202
359	-0.0561329
360	-0.0502019
361	-0.044454
362	-0.0388679
363	-0.0332512
364	-0.0276634
365	-0.0223099
366	-0.0171447
367	-0.0119901
368	-0.00691058
369	-0.00209509
370	0.00250016
371	0.00704623
372	0.0114975
373	0.0156742
374	0.0195958
375	0.02343
376	0.0271714
377	0.0306507
378	0.0338426
379	0.036903
380	0.0398838
381	0.0426428
382	0.0450975
383	0.0473656
384	0.0495593
385	0.0515976
386	0.0533505
387	0.0548585
388	0.056265
389	0.0575865
390	0.0586951
391	0.0595302
392	0.0601963
393	0.0608039
394	0.0613085
395	0.0615889
396	0.0616357
397	0.0615687
398	0.0614687
399	0.061272
400	0.0608718
401	0.0602737
402	0.059592
403	0.0589027
404	0.0581529
405	0.057241
406	0.0561539
407	0.0549877
408	0.0538343
409	0.0526794
410	0.0514298
411	0.0500298
412	0.0485288
413	0.0470299
414	0.0455828
415	0.0441398
416	0.0426141
417	0.0409731
418	0.0392737
419	0.037609
420	0.0360255
421	0.0344875
422	0.0329158
423	0.0312604
424	0.0295436
425	0.0278423
426	0.0262295
427	0.0247232
428	0.0232789
429	0.0218256
430	0.0203157
431	0.0187554
432	0.0171994
433	0.0157184
434	0.0143611
435	0.013132
436	0.0119933
437	0.0108858
438	0.00975614
439	0.00857769
440	0.0073579
441	0.0061329
442	0.00495392
443	0.00387204
444	0.00292648
445	0.0021386
446	0.00151156
447	0.00103389
448	0.00068481
449	0.000439591
450	0.000273685
451	0.000165395
452	9.70952e-05
453	5.54114e-05
454	3.07635e-05
455	1.66265e-05
456	8.75321e-06
457	4.49156e-06
458	2.24769e-06
459	1.09752e-06
460	5.23166e-07
461	2.4357e-07
462	1.10803e-07
463	4.9273e-08
464	2.14268e-08
465	9.11503e-09
466	3.79455e-09
467	1.54634e-09
468	6.17056e-10
469	2.41182e-10
470	9.23599e-11
471	3.4662e-11
472	1.27515e-11
473	4.59943e-12
474	1.62697e-12
475	5.64518e-13
476	1.92169e-13
477	6.41912e-14
478	2.10443e-14
479	6.7719e-15
480	2.13926e-15
481	6.63783e-16
482	2.02044e-16
483	6.05629e-17
484	1.76553e-17
485	5.00279e-18
486	1.37643e-18
487	0
488	-2.11758e-19
489	-5.29396e-20
490	-4.76456e-19
491	1.58819e-19
492	0
493	-2.64698e-19
494	0
495	-2.64698e-19
496	-2.11758e-19
497	0
498	2.11758e-19
499	5.29396e-20
500	-5.29396e-20
501	1.58819e-19
502	-3.70577e-19
503	-2.11758e-19
504	-5.29396e-20
505	-1.05879e-19
506	5.29396e-20
507	5.29396e-20
508	4.23516e-19
509	-3.70577e-19
510	1.05879e-19
511	-3.17637e-19
512	-4.23516e-19
513	0
514	-5.29396e-20
515	-3.17637e-19
516	0
517	1.05879e-19
518	-6.35275e-19
519	-1.05879e-18
520	-2.75286e-18
521	-8.57621e-18
522	-2.70521e-17
523	-8.18446e-17
524	-2.42569e-16
525	-7.05737e-16
526	-2.01684e-15
527	-5.64786e-15
528	-1.55132e-14
529	-4.17825e-14
530	-1.10312e-13
531	-2.8543e-13
532	-7.23622e-13
533	-1.797e-12
534	-4.37003e-12
535	-1.04039e-11
536	-2.42405e-11
537	-5.52564e-11
538	-1.23187e-10
539	-2.68489e-10
540	-5.71873e-10
541	-1.18987e-09
542	-2.41736e-09
543	-4.79312e-09
544	-9.27081e-09
545	-1.74829e-08
546	-3.21269e-08
547	-5.74955e-08
548	-1.00149e-07
549	-1.69683e-07
550	-2.79467e-07
551	-4.47141e-07
552	-6.94549e-07
553	-1.04675e-06
554	-1.52979e-06
555	-2.16713e-06
556	-2.9751e-06
557	-3.95829e-06
558	-5.1063e-06
559	-6.39375e-06
560	-7.78486e-06
561	-9.24253e-06
562	-1.07404e-05
563	-1.22735e-05
564	-1.38629e-05
565	-1.55508e-05
566	-1.73845e-05
567	-1.93973e-05
568	-2.15922e-05
569	-2.39399e-05
570	-2.63949e-05
571	-2.8921e-05
572	-3.15149e-05
573	-3.42098e-05
574	-3.70558e-05
575	-4.00865e-05
576	-4.32949e-05
577	-4.66382e-05
578	-5.0069e-05
579	-5.35735e-05
580	-5.71823e-05
581	-6.09451e-05
582	-6.4886e-05
583	-6.89804e-05
584	-7.31749e-05
585	-7.74356e-05
586	-8.1779e-05
587	-8.62531e-05
588	-9.08848e-05
589	-9.56476e-05
590	-0.000100485
591	-0.000105368
592	-0.000110321
593	-0.000115389
594	-0.00012058
595	-0.000125844
596	-0.000131129
597	-0.000136436
598	-0.000141808
599	-0.000147267
600	-0.000152772
601	-0.000158265
602	-0.000163736
603	-0.000169224
604	-0.000174751
605	-0.000180276
606	-0.000185739
607	-0.000191135
608	-0.000196504
609	-0.000201857
610	-0.000207139
611	-0.000212301
612	-0.000217354
613	-0.000222335
614	-0.000227231
615	-0.000231976
616	-0.000236544
617	-0.000240969
618	-0.00024527
619	-0.000249396
620	-0.000253296
621	-0.000256983
622	-0.000260493
623	-0.000263799
624	-0.000266839
625	-0.000269608
626	-0.000272146
627	-0.000274446
628	-0.000276445
629	-0.000278127
630	-0.000279533
631	-0.000280665
632	-0.000281466
633	-0.000281916
634	-0.000282054
635	-0.00028189
636	-0.000281372
637	-0.000280479
638	-0.000279256
639	-0.000277712
640	-0.000275797
641	-0.000273501
642	-0.000270872
643	-0.000267916
644	-0.000264585
645	-0.000260885
646	-0.000256868
647	-0.00025253
648	-0.00024783
649	-0.000242796
650	-0.000237479
651	-0.000231859
652	-0.000225914
653	-0.000219695
654	-0.00021324
655	-0.00020652
656	-0.00019954
657	-0.000192367
658	-0.000185016
659	-0.00017746
660	-0.000169745
661	-0.000161931
662	-0.000154007
663	-0.000145976
664	-0.000137911
665	-0.000129844
666	-0.000121759
667	-0.000113703
668	-0.000105747
669	-9.78904e-05
670	-9.01447e-05
671	-8.25916e-05
672	-7.52649e-05
673	-6.81575e-05
674	-6.13329e-05
675	-5.48599e-05
676	-4.8735e-05
677	-4.29926e-05
678	-3.77181e-05
679	-3.29308e-05
680	-2.86393e-05
681	-2.49255e-05
682	-2.18367e-05
683	-1.93691e-05
684	-1.75864e-05
685	-1.65581e-05
686	-1.62818e-05
687	-1.6797e-05
688	-1.81843e-05
689	-2.04521e-05
690	-2.36166e-05
691	-2.7758e-05
692	-3.28983e-05
693	-3.90358e-05
694	-4.62408e-05
695	-5.45475e-05
696	-6.39418e-05
697	-7.44784e-05
698	-8.61994e-05
699	-9.90826e-05
700	-0.000113164
701	-0.000128489
702	-0.000145029
703	-0.000162802
704	-0.000181849
705	-0.000202139
706	-0.000223669
707	-0.000246475
708	-0.000270518
709	-0.000295779
710	-0.000322285
711	-0.000349989
712	-0.000378854
713	-0.000408895
714	-0.000440056
715	-0.000472285
716	-0.000505584
717	-0.000539883
718	-0.000575118
719	-0.000611274
720	-0.000648269
721	-0.000686025
722	-0.000724514
723	-0.000763635
724	-0.000803301
725	-0.000843467
726	-0.000884017
727	-0.000924853
728	-0.000965915
729	-0.00100707
730	-0.00104821
731	-0.00108926
732	-0.00113008
733	-0.00117055
734	-0.00121057
735	-0.00124999
736	-0.00128869
737	-0.00132656
738	-0.00136344
739	-0.00139919
740	-0.0014337
741	-0.00146679
742	-0.00149835
743	-0.00152823
744	-0.00155625
745	-0.0015823
746	-0.00160622
747	-0.00162785
748	-0.00164708
749	-0.00166372
750	-0.00167764
751	-0.00168871
752	-0.00169677
753	-0.00170168
754	-0.00170333
755	-0.00170156
756	-0.00169625
757	-0.00168729
758	-0.00167453
759	-0.00165789
760	-0.00163724
761	-0.00161249
762	-0.00158356
763	-0.00155034
764	-0.00151277
765	-0.00147078
766	-0.0014243
767	-0.0013733
768	-0.00131774
769	-0.00125756
770	-0.0011928
771	-0.00112342
772	-0.00104943
773	-0.000970878
774	-0.000887764
775	-0.000800168
776	-0.000708144
777	-0.000611755
778	-0.000511128
779	-0.000406341
780	-0.00029753
781	-0.00018485
782	-6.84266e-05
783	5.15349e-05
784	0.000174861
785	0.000301352
786	0.000430758
787	0.000562872
788	0.000697414
789	0.000834111
790	0.000972694
791	0.00111282
792	0.00125421
793	0.00139649
794	0.00153931
795	0.00168232
796	0.00182511
797	0.00196729
798	0.00210845
799	0.00224815
800	0.00238598
801	0.00252146
802	0.00265412
803	0.00278353
804	0.00290915
805	0.00303054
806	0.00314716
807	0.00325853
808	0.00336415
809	0.00346347
810	0.003556
811	0.00364122
812	0.0037186
813	0.00378763
814	0.0038478
815	0.0038986
816	0.00393951
817	0.00397006
818	0.00398976
819	0.00399811
820	0.00399468
821	0.003979
822	0.00395065
823	0.00390922
824	0.00385431
825	0.00378556
826	0.00370262
827	0.00360517
828	0.00349292
829	0.00336559
830	0.00322299
831	0.00306488
832	0.00289113
833	0.0027016
834	0.00249621
835	0.00227492
836	0.00203773
837	0.00178468
838	0.00151585
839	0.00123139
840	0.000931501
841	0.000616385
842	0.000286363
843	-5.82445e-05
844	-0.00041703
845	-0.00078954
846	-0.00117528
847	-0.00157366
848	-0.00198408
849	-0.00240585
850	-0.00283823
851	-0.00328042
852	-0.00373155
853	-0.00419073
854	-0.00465696
855	-0.00512921
856	-0.00560639
857	-0.00608735
858	-0.00657089
859	-0.00705572
860	-0.00754056
861	-0.00802402
862	-0.00850469
863	-0.0089811
864	-0.00945173
865	-0.00991504
866	-0.0103694
867	-0.0108132
868	-0.0112448
869	-0.0116624
870	-0.0120644
871	-0.0124489
872	-0.0128141
873	-0.0131584
874	-0.0134798
875	-0.0137766
876	-0.0140468
877	-0.0142888
878	-0.0145007
879	-0.0146806
880	-0.0148269
881	-0.0149376
882	-0.0150112
883	-0.0150458
884	-0.0150399
885	-0.0149918
886	-0.0148999
887	-0.0147628
888	-0.014579
889	-0.0143472
890	-0.014066
891	-0.0137344
892	-0.0133511
893	-0.0129152
894	-0.0124257
895	-0.011882
896	-0.0112833
897	-0.0106291
898	-0.00991902
899	-0.00915277
900	-0.00833023
901	-0.00745145
902	-0.00651661
903	-0.00552608
904	-0.00448037
905	-0.00338019
906	-0.00222642
907	-0.00102012
908	0.000237463
909	0.00154489
910	0.0029005
911	0.00430248
912	0.00574877
913	0.00723715
914	0.00876514
915	0.0103301
916	0.0119292
917	0.0135593
918	0.0152171
919	0.0168992
920	0.0186018
921	0.0203211
922	0.022053
923	0.0237931
924	0.025537
925	0.02728
926	0.0290172
927	0.0307435
928	0.0324539
929	0.0341429
930	0.0358049
931	0.0374343
932	0.0390254
933	0.0405721
934	0.0420685
935	0.0435084
936	0.0448855
937	0.0461937
938	0.0474264
939	0.0485774
940	0.0496403
941	0.0506084
942	0.0514756
943	0.0522353
944	0.0528812
945	0.053407
946	0.0538066
947	0.0540738
948	0.0542026
949	0.0541873
950	0.0540221
951	0.0537017
952	0.0532207
953	0.0525742
954	0.0517574
955	0.0507659
956	0.0495956
957	0.0482425
958	0.0467033
959	0.0449749
960	0.0430546
961	0.0409401
962	0.0386297
963	0.0361221
964	0.0334164
965	0.0305123
966	0.02741
967	0.0241104
968	0.0206148
969	0.0169253
970	0.0130443
971	0.00897516
972	0.00472171
973	0.000288518
974	-0.0043192
975	-0.00909551
976	-0.0140338
977	-0.0191267
978	-0.0243663
979	-0.0297436
980	-0.0352492
981	-0.0408729
982	-0.0466036
983	-0.0524296
984	-0.0583385
985	-0.0643171
986	-0.0703516
987	-0.0764273
988	-0.082529
989	-0.0886406
990	-0.0947457
991	-0.100827
992	-0.106866
993	-0.112845
994	-0.118745
995	-0.124546
996	-0.130228
997	-0.135771
998	-0.141153
999	-0.146353
