0	0.951057
1	0.938705
2	0.922458
3	0.9044
4	0.884539
5	0.862958
6	0.83964
7	0.814706
8	0.788116
9	0.760025
10	0.730373
11	0.699347
12	0.666866
13	0.63315
14	0.598097
15	0.561957
16	0.524608
17	0.486328
18	0.44698
19	0.406862
20	0.365826
21	0.324184
22	0.281786
23	0.238947
24	0.195524
25	0.151822
26	0.10772
27	0.0634983
28	0.0190678
29	-0.0253287
30	-0.0697326
31	-0.113958
32	-0.157981
33	-0.20169
34	-0.24498
35	-0.287834
36	-0.330046
37	-0.371709
38	-0.412509
39	-0.452657
40	-0.491728
41	-0.530053
42	-0.567102
43	-0.603318
44	-0.638091
45	-0.671958
46	-0.704262
47	-0.735602
48	-0.765328
49	-0.794054
50	-0.821188
51	-0.847292
52	-0.871883
53	-0.895383
54	-0.917458
55	-0.938296
56	-0.957747
57	-0.975714
58	-0.99228
59	-1.00707
60	-1.02045
61	-1.03182
62	-1.04184
63	-1.04974
64	-1.05635
65	-1.06082
66	-1.06397
67	-1.06495
68	-1.06449
69	-1.06193
70	-1.05777
71	-1.0517
72	-1.04388
73	-1.03439
74	-1.02296
75	-1.01008
76	-0.995079
77	-0.978829
78	-0.960407
79	-0.940884
80	-0.919256
81	-0.89653
82	-0.87188
83	-0.846028
84	-0.818587
85	-0.789785
86	-0.759795
87	-0.728249
88	-0.695888
89	-0.661857
90	-0.627313
91	-0.59115
92	-0.554601
93	-0.516659
94	-0.478272
95	-0.438916
96	-0.398935
97	-0.358508
98	-0.317228
99	-0.27599
100	-0.23379
101	-0.191969
102	-0.149297
103	-0.107077
104	-0.0643762
105	-0.0219691
106	0.0203432
107	0.0626505
108	0.104263
109	0.146096
110	0.186791
111	0.227679
112	0.26731
113	0.306778
114	0.345192
115	0.382821
116	0.419777
117	0.455292
118	0.490429
119	0.523699
120	0.556554
121	0.587537
122	0.617658
123	0.64628
124	0.673338
125	0.699391
126	0.72326
127	0.746382
128	0.767108
129	0.786865
130	0.804534
131	0.820589
132	0.835167
133	0.847412
134	0.858658
135	0.867233
136	0.874772
137	0.879919
138	0.883439
139	0.88528
140	0.884737
141	0.883141
142	0.878793
143	0.873442
144	0.865685
145	0.856325
146	0.8454
147	0.832101
148	0.817936
149	0.801118
150	0.783428
151	0.763629
152	0.742257
153	0.719764
154	0.694963
155	0.66968
156	0.64207
157	0.613732
158	0.58393
159	0.552553
160	0.520767
161	0.486871
162	0.452906
163	0.417287
164	0.380956
165	0.344152
166	0.305778
167	0.267766
168	0.228171
169	0.188678
170	0.148655
171	0.107764
172	0.0675275
173	0.0259917
174	-0.014762
175	-0.0559878
176	-0.0973611
177	-0.137857
178	-0.179237
179	-0.219267
180	-0.259613
181	-0.299458
182	-0.338179
183	-0.377351
184	-0.414705
185	-0.452126
186	-0.488513
187	-0.523505
188	-0.558552
189	-0.591374
190	-0.623987
191	-0.655174
192	-0.684632
193	-0.713861
194	-0.740529
195	-0.76667
196	-0.791175
197	-0.813581
198	-0.835575
199	-0.854765
200	-0.8731
201	-0.889769
202	-0.903945
203	-0.917641
204	-0.928423
205	-0.937967
206	-0.946046
207	-0.951248
208	-0.955931
209	-0.957841
210	-0.958036
211	-0.95715
212	-0.95314
213	-0.948494
214	-0.941512
215	-0.932289
216	-0.922451
217	-0.909509
218	-0.895624
219	-0.880174
220	-0.861987
221	-0.843543
222	-0.822483
223	-0.799894
224	-0.776716
225	-0.750628
226	-0.724213
227	-0.696252
228	-0.666073
229	-0.636061
230	-0.603686
231	-0.570348
232	-0.536831
233	-0.500837
234	-0.465037
235	-0.428245
236	-0.38966
237	-0.35184
238	-0.312308
239	-0.272148
240	-0.232637
241	-0.191201
242	-0.150312
243	-0.109499
244	-0.0671688
245	-0.0262031
246	0.0153562
247	0.0575493
248	0.0980442
249	0.139351
250	0.179124
251	0.216099
252	0.253321
253	0.287858
254	0.31994
255	0.351151
256	0.379044
257	0.405045
258	0.429746
259	0.451135
260	0.471105
261	0.489374
262	0.504576
263	0.518673
264	0.530778
265	0.540191
266	0.548686
267	0.555038
268	0.55912
269	0.562393
270	0.563507
271	0.562764
272	0.56129
273	0.557748
274	0.552728
275	0.547051
276	0.539476
277	0.530757
278	0.521474
279	0.510506
280	0.498686
281	0.486418
282	0.472701
283	0.458382
284	0.443755
285	0.427921
286	0.411699
287	0.395329
288	0.377987
289	0.360437
290	0.342909
291	0.324636
292	0.306302
293	0.288165
294	0.269496
295	0.250882
296	0.232633
297	0.214055
298	0.195617
299	0.177699
300	0.159648
301	0.141789
302	0.124583
303	0.107434
304	0.0905063
305	0.0743276
306	0.058395
307	0.0426952
308	0.0277962
309	0.0133285
310	-0.000898825
311	-0.0143269
312	-0.0271495
313	-0.0397116
314	-0.0515311
315	-0.0625984
316	-0.0733552
317	-0.0834728
318	-0.0927412
319	-0.10161
320	-0.109965
321	-0.11745
322	-0.12441
323	-0.13097
324	-0.136727
325	-0.141829
326	-0.146589
327	-0.150694
328	-0.154053
329	-0.157047
330	-0.159575
331	-0.161358
332	-0.16268
333	-0.163694
334	-0.164082
335	-0.163902
336	-0.16347
337	-0.16262
338	-0.161168
339	-0.159405
340	-0.157421
341	-0.154942
342	-0.152044
343	-0.149008
344	-0.145691
345	-0.141926
346	-0.13796
347	-0.133909
348	-0.129541
349	-0.124867
350	-0.120152
351	-0.115347
352	-0.110252
353	-0.105013
354	-0.0998271
355	-0.0945398
356	-0.0890391
357	-0.0835361
358	-0.0781305
359	-0.0726329
360	-0.0670159
361	-0.0614998
362	-0.0561072
363	-0.0506512
364	-0.0451617
365	-0.0398429
366	-0.0346711
367	-0.029474
368	-0.0243083
369	-0.0193587
370	-0.0145829
371	-0.00982067
372	-0.00513019
373	-0.000682318
374	0.00356068
375	0.0077537
376	0.0118585
377	0.0157121
378	0.0193277
379	0.0228573
380	0.026301
381	0.0295067
382	0.0324451
383	0.0352553
384	0.0379911
385	0.0405277
386	0.0427836
387	0.0448598
388	0.0468635
389	0.0487295
390	0.0503366
391	0.0517117
392	0.0529853
393	0.0541828
394	0.0551922
395	0.0559491
396	0.0565408
397	0.0570737
398	0.0575183
399	0.0577641
400	0.0577908
401	0.0577022
402	0.0575806
403	0.0573789
404	0.0569974
405	0.0564287
406	0.0557719
407	0.0551054
408	0.0543925
409	0.0535397
410	0.0525227
411	0.0514213
412	0.0503258
413	0.0492358
414	0.0480704
415	0.0467698
416	0.0453674
417	0.0439559
418	0.0425911
419	0.0412406
420	0.0398252
421	0.0383049
422	0.0367208
423	0.0351578
424	0.0336679
425	0.0322294
426	0.0307726
427	0.029244
428	0.0276529
429	0.0260642
430	0.0245486
431	0.0231327
432	0.0217846
433	0.0204407
434	0.0190511
435	0.0176121
436	0.0161667
437	0.0147793
438	0.0135
439	0.0123412
440	0.011275
441	0.0102496
442	0.00921361
443	0.00813683
444	0.00701964
445	0.00589022
446	0.00479328
447	0.00377628
448	0.0028778
449	0.00212098
450	0.00151212
451	0.00104334
452	0.000697176
453	0.000451495
454	0.000283593
455	0.000172907
456	0.000102408
457	5.89642e-05
458	3.30279e-05
459	1.80097e-05
460	9.56622e-06
461	4.95275e-06
462	2.50075e-06
463	1.23209e-06
464	5.92624e-07
465	2.78412e-07
466	1.27808e-07
467	5.7355e-08
468	2.51708e-08
469	1.08068e-08
470	4.54066e-09
471	1.8677e-09
472	7.52304e-10
473	2.96829e-10
474	1.14753e-10
475	4.34792e-11
476	1.61497e-11
477	5.88183e-12
478	2.10099e-12
479	7.36188e-13
480	2.53101e-13
481	8.53923e-14
482	2.82774e-14
483	9.19216e-15
484	2.93396e-15
485	9.19348e-16
486	2.82697e-16
487	8.52327e-17
488	2.54639e-17
489	7.14684e-18
490	1.90582e-18
491	2.11758e-19
492	-5.29396e-20
493	1.58819e-19
494	5.29396e-20
495	-5.29396e-20
496	-3.70577e-19
497	-5.29396e-20
498	-2.11758e-19
499	0
500	2.64698e-19
501	-1.05879e-19
502	5.29396e-20
503	3.17637e-19
504	-5.29396e-20
505	0
506	-4.23516e-19
507	0
508	-5.29396e-19
509	1.05879e-19
510	-1.58819e-19
511	-1.58819e-19
512	-1.58819e-19
513	-5.29396e-20
514	-6.88214e-19
515	-1.69407e-18
516	-3.59989e-18
517	-1.19114e-17
518	-3.61577e-17
519	-1.08526e-16
520	-3.18061e-16
521	-9.16172e-16
522	-2.59197e-15
523	-7.1902e-15
524	-1.956e-14
525	-5.21827e-14
526	-1.36475e-13
527	-3.49827e-13
528	-8.78658e-13
529	-2.1619e-12
530	-5.20928e-12
531	-1.2289e-11
532	-2.83739e-11
533	-6.40967e-11
534	-1.41617e-10
535	-3.05911e-10
536	-6.45808e-10
537	-1.33186e-09
538	-2.68207e-09
539	-5.27146e-09
540	-1.01072e-08
541	-1.88946e-08
542	-3.44204e-08
543	-6.10684e-08
544	-1.05457e-07
545	-1.77145e-07
546	-2.89266e-07
547	-4.58884e-07
548	-7.06769e-07
549	-1.05625e-06
550	-1.5309e-06
551	-2.15109e-06
552	-2.92972e-06
553	-3.8682e-06
554	-4.95407e-06
555	-6.16183e-06
556	-7.45796e-06
557	-8.81001e-06
558	-1.01975e-05
559	-1.16209e-05
560	-1.31041e-05
561	-1.46877e-05
562	-1.64138e-05
563	-1.83083e-05
564	-2.03677e-05
565	-2.25616e-05
566	-2.48481e-05
567	-2.71988e-05
568	-2.96171e-05
569	-3.21381e-05
570	-3.48068e-05
571	-3.76486e-05
572	-4.06507e-05
573	-4.37709e-05
574	-4.69693e-05
575	-5.024e-05
576	-5.36162e-05
577	-5.71419e-05
578	-6.0833e-05
579	-6.46611e-05
580	-6.85774e-05
581	-7.25569e-05
582	-7.66209e-05
583	-8.08132e-05
584	-8.51527e-05
585	-8.96094e-05
586	-9.41322e-05
587	-9.87e-05
588	-0.000103341
589	-0.000108095
590	-0.00011296
591	-0.00011789
592	-0.000122841
593	-0.000127818
594	-0.000132862
595	-0.000137987
596	-0.000143153
597	-0.000148307
598	-0.000153447
599	-0.000158609
600	-0.000163809
601	-0.000169005
602	-0.000174145
603	-0.000179229
604	-0.000184293
605	-0.000189342
606	-0.000194327
607	-0.000199201
608	-0.000203981
609	-0.000208698
610	-0.000213336
611	-0.000217835
612	-0.000222175
613	-0.000226388
614	-0.000230486
615	-0.000234424
616	-0.000238154
617	-0.000241692
618	-0.000245069
619	-0.000248258
620	-0.000251202
621	-0.0002539
622	-0.000256386
623	-0.000258653
624	-0.000260644
625	-0.000262344
626	-0.00026379
627	-0.000264985
628	-0.000265876
629	-0.000266442
630	-0.000266723
631	-0.000266725
632	-0.000266402
633	-0.000265733
634	-0.000264759
635	-0.00026349
636	-0.000261879
637	-0.000259916
638	-0.000257646
639	-0.000255074
640	-0.000252156
641	-0.000248897
642	-0.000245345
643	-0.000241496
644	-0.000237314
645	-0.000232821
646	-0.000228066
647	-0.000223033
648	-0.000217699
649	-0.000212108
650	-0.000206299
651	-0.000200246
652	-0.000193951
653	-0.000187475
654	-0.000180834
655	-0.000174006
656	-0.000167025
657	-0.000159951
658	-0.000152777
659	-0.000145502
660	-0.000138191
661	-0.000130879
662	-0.00012355
663	-0.000116243
664	-0.000109027
665	-0.000101904
666	-9.48808e-05
667	-8.80295e-05
668	-8.13893e-05
669	-7.49524e-05
670	-6.877e-05
671	-6.29109e-05
672	-5.73772e-05
673	-5.21918e-05
674	-4.74338e-05
675	-4.31302e-05
676	-3.92833e-05
677	-3.59631e-05
678	-3.3223e-05
679	-3.10595e-05
680	-2.95215e-05
681	-2.86805e-05
682	-2.85398e-05
683	-2.91252e-05
684	-3.05134e-05
685	-3.2722e-05
686	-3.57572e-05
687	-3.96898e-05
688	-4.45524e-05
689	-5.03381e-05
690	-5.71039e-05
691	-6.48939e-05
692	-7.36941e-05
693	-8.35436e-05
694	-9.44924e-05
695	-0.000106523
696	-0.000119657
697	-0.000133942
698	-0.000149362
699	-0.000165917
700	-0.000183652
701	-0.000202548
702	-0.000222588
703	-0.000243809
704	-0.000266188
705	-0.000289693
706	-0.000314349
707	-0.000340128
708	-0.000366982
709	-0.000394925
710	-0.000423919
711	-0.000453903
712	-0.000484878
713	-0.000516796
714	-0.000549582
715	-0.000583223
716	-0.000617658
717	-0.000652801
718	-0.000688624
719	-0.000725053
720	-0.000761989
721	-0.000799392
722	-0.000837172
723	-0.000875219
724	-0.000913482
725	-0.000951852
726	-0.000990213
727	-0.0010285
728	-0.00106659
729	-0.00110436
730	-0.00114173
731	-0.00117856
732	-0.00121473
733	-0.00125014
734	-0.00128465
735	-0.00131812
736	-0.00135047
737	-0.00138151
738	-0.00141113
739	-0.00143922
740	-0.0014656
741	-0.00149016
742	-0.00151277
743	-0.00153327
744	-0.00155154
745	-0.00156745
746	-0.00158083
747	-0.00159159
748	-0.00159957
749	-0.00160465
750	-0.00160671
751	-0.00160561
752	-0.00160124
753	-0.0015935
754	-0.00158225
755	-0.0015674
756	-0.00154886
757	-0.00152651
758	-0.0015003
759	-0.00147012
760	-0.0014359
761	-0.00139759
762	-0.00135513
763	-0.00130847
764	-0.00125758
765	-0.00120243
766	-0.001143
767	-0.0010793
768	-0.00101132
769	-0.000939104
770	-0.000862656
771	-0.00078203
772	-0.000697301
773	-0.000608509
774	-0.000515766
775	-0.000419164
776	-0.000318803
777	-0.000214839
778	-0.00010739
779	3.37512e-06
780	0.00011727
781	0.000234133
782	0.000353729
783	0.000475853
784	0.000600275
785	0.000726719
786	0.000854945
787	0.000984653
788	0.00111554
789	0.00124732
790	0.00137964
791	0.00151217
792	0.00164455
793	0.0017764
794	0.00190737
795	0.00203702
796	0.00216498
797	0.00229083
798	0.00241412
799	0.00253443
800	0.00265131
801	0.00276429
802	0.00287294
803	0.00297676
804	0.0030753
805	0.00316807
806	0.0032546
807	0.00333441
808	0.003407
809	0.00347192
810	0.00352868
811	0.0035768
812	0.00361583
813	0.00364529
814	0.00366474
815	0.00367374
816	0.00367185
817	0.00365867
818	0.00363378
819	0.00359682
820	0.0035474
821	0.00348519
822	0.00340986
823	0.00332111
824	0.00321868
825	0.0031023
826	0.00297177
827	0.00282691
828	0.00266755
829	0.00249359
830	0.00230492
831	0.00210152
832	0.00188339
833	0.00165053
834	0.00140307
835	0.00114108
836	0.000864763
837	0.000574321
838	0.000270015
839	-4.78315e-05
840	-0.000378876
841	-0.000722683
842	-0.00107881
843	-0.00144672
844	-0.00182584
845	-0.00221557
846	-0.0026152
847	-0.00302401
848	-0.00344121
849	-0.00386595
850	-0.00429733
851	-0.0047344
852	-0.00517615
853	-0.00562152
854	-0.00606941
855	-0.00651863
856	-0.00696799
857	-0.00741621
858	-0.00786198
859	-0.00830396
860	-0.00874074
861	-0.00917089
862	-0.00959291
863	-0.0100053
864	-0.0104065
865	-0.010795
866	-0.0111691
867	-0.0115272
868	-0.0118676
869	-0.0121888
870	-0.012489
871	-0.0127665
872	-0.0130196
873	-0.0132466
874	-0.013446
875	-0.0136159
876	-0.0137547
877	-0.0138608
878	-0.0139326
879	-0.0139685
880	-0.0139669
881	-0.0139264
882	-0.0138455
883	-0.0137228
884	-0.0135569
885	-0.0133466
886	-0.0130907
887	-0.0127881
888	-0.0124377
889	-0.0120387
890	-0.0115901
891	-0.0110912
892	-0.0105414
893	-0.00994017
894	-0.00928716
895	-0.00858209
896	-0.00782484
897	-0.00701542
898	-0.00615399
899	-0.00524087
900	-0.00427652
901	-0.00326158
902	-0.00219685
903	-0.00108327
904	7.7989e-05
905	0.00128563
906	0.00253814
907	0.00383384
908	0.00517087
909	0.00654715
910	0.00796045
911	0.00940831
912	0.0108881
913	0.012397
914	0.013932
915	0.0154899
916	0.0170672
917	0.0186603
918	0.0202656
919	0.021879
920	0.0234964
921	0.0251134
922	0.0267256
923	0.0283283
924	0.0299167
925	0.0314858
926	0.0330305
927	0.0345457
928	0.0360258
929	0.0374655
930	0.0388591
931	0.040201
932	0.0414854
933	0.0427065
934	0.0438583
935	0.044935
936	0.0459306
937	0.0468392
938	0.0476547
939	0.0483713
940	0.048983
941	0.0494841
942	0.0498687
943	0.0501312
944	0.050266
945	0.0502678
946	0.0501312
947	0.0498512
948	0.0494229
949	0.0488416
950	0.048103
951	0.0472028
952	0.0461371
953	0.0449025
954	0.0434955
955	0.0419135
956	0.0401537
957	0.0382142
958	0.0360932
959	0.0337893
960	0.0313019
961	0.0286306
962	0.0257754
963	0.0227372
964	0.0195171
965	0.0161168
966	0.0125388
967	0.00878594
968	0.00486175
969	0.000770382
970	-0.00348339
971	-0.00789414
972	-0.0124558
973	-0.0171617
974	-0.0220043
975	-0.0269757
976	-0.0320671
977	-0.0372691
978	-0.0425714
979	-0.0479635
980	-0.0534337
981	-0.05897
982	-0.0645596
983	-0.0701889
984	-0.075844
985	-0.08151
986	-0.0871717
987	-0.092813
988	-0.0984175
989	-0.103968
990	-0.109447
991	-0.114837
992	-0.120118
993	-0.125272
994	-0.13028
995	-0.135121
996	-0.139777
997	-0.144225
998	-0.148446
999	-0.152419
