0	0.992115
1	0.986699
2	0.978495
3	0.968349
4	0.956309
5	0.942357
6	0.926578
7	0.908929
8	0.889534
9	0.868329
10	0.845471
11	0.820876
12	0.794736
13	0.766946
14	0.73773
15	0.706964
16	0.674901
17	0.641404
18	0.606747
19	0.570783
20	0.533804
21	0.495658
22	0.456648
23	0.416623
24	0.375887
25	0.334302
26	0.292159
27	0.249345
28	0.206123
29	0.162421
30	0.118458
31	0.0742178
32	0.0298552
33	-0.0145713
34	-0.0589891
35	-0.103251
36	-0.147383
37	-0.191136
38	-0.234652
39	-0.277575
40	-0.320169
41	-0.361979
42	-0.403392
43	-0.44387
44	-0.483916
45	-0.522928
46	-0.561495
47	-0.598982
48	-0.636002
49	-0.671914
50	-0.707275
51	-0.741466
52	-0.774908
53	-0.807069
54	-0.838185
55	-0.867908
56	-0.896277
57	-0.923222
58	-0.948572
59	-0.972558
60	-0.994758
61	-1.01565
62	-1.03455
63	-1.05212
64	-1.06749
65	-1.08148
66	-1.09319
67	-1.10345
68	-1.11147
69	-1.11791
70	-1.1222
71	-1.12469
72	-1.12517
73	-1.12363
74	-1.1203
75	-1.11476
76	-1.10765
77	-1.09816
78	-1.08722
79	-1.07386
80	-1.05913
81	-1.04207
82	-1.0236
83	-1.00301
84	-0.980862
85	-0.956918
86	-0.931228
87	-0.904137
88	-0.875113
89	-0.845029
90	-0.812922
91	-0.779999
92	-0.745151
93	-0.709555
94	-0.67231
95	-0.634212
96	-0.594921
97	-0.554577
98	-0.513562
99	-0.471289
100	-0.428803
101	-0.385007
102	-0.341276
103	-0.29642
104	-0.251645
105	-0.206185
106	-0.160617
107	-0.114973
108	-0.0689444
109	-0.0234275
110	0.022628
111	0.0677835
112	0.113356
113	0.157971
114	0.202553
115	0.246414
116	0.289572
117	0.332366
118	0.373812
119	0.415101
120	0.454676
121	0.493941
122	0.53155
123	0.568301
124	0.603789
125	0.637681
126	0.670748
127	0.701635
128	0.731835
129	0.75972
130	0.786568
131	0.811458
132	0.834594
133	0.856355
134	0.87566
135	0.893957
136	0.909539
137	0.923934
138	0.935961
139	0.946124
140	0.95462
141	0.960501
142	0.965234
143	0.967073
144	0.96767
145	0.965794
146	0.96199
147	0.956546
148	0.948421
149	0.939241
150	0.927204
151	0.913967
152	0.898488
153	0.881044
154	0.862323
155	0.840953
156	0.818816
157	0.794128
158	0.768309
159	0.740849
160	0.711395
161	0.681298
162	0.648768
163	0.615796
164	0.580957
165	0.54497
166	0.508292
167	0.469661
168	0.431079
169	0.390653
170	0.349905
171	0.308433
172	0.265691
173	0.223331
174	0.179388
175	0.135863
176	0.0916664
177	0.046935
178	0.00287092
179	-0.0423657
180	-0.0865681
181	-0.131257
182	-0.175784
183	-0.219368
184	-0.263653
185	-0.306363
186	-0.349294
187	-0.391469
188	-0.432366
189	-0.473528
190	-0.512652
191	-0.551656
192	-0.589444
193	-0.625585
194	-0.661619
195	-0.695214
196	-0.728332
197	-0.759926
198	-0.789449
199	-0.818619
200	-0.845027
201	-0.870563
202	-0.894474
203	-0.915861
204	-0.936731
205	-0.954677
206	-0.971308
207	-0.986404
208	-0.998561
209	-1.01009
210	-1.01873
211	-1.02555
212	-1.03114
213	-1.03346
214	-1.035
215	-1.034
216	-1.0306
217	-1.02638
218	-1.01884
219	-1.01017
220	-0.999657
221	-0.986218
222	-0.972255
223	-0.955392
224	-0.93681
225	-0.917282
226	-0.894606
227	-0.871357
228	-0.84616
229	-0.818566
230	-0.790787
231	-0.760274
232	-0.728638
233	-0.69636
234	-0.661337
235	-0.626283
236	-0.589731
237	-0.551229
238	-0.513142
239	-0.472888
240	-0.43191
241	-0.391098
242	-0.34804
243	-0.305406
244	-0.262287
245	-0.217495
246	-0.173838
247	-0.129039
248	-0.0835792
249	-0.0394155
250	0.00584685
251	0.0492222
252	0.0900693
253	0.130555
254	0.168119
255	0.203694
256	0.238367
257	0.269841
258	0.299845
259	0.328404
260	0.35385
261	0.378166
262	0.400573
263	0.420167
264	0.438798
265	0.455209
266	0.469205
267	0.482288
268	0.493011
269	0.501731
270	0.509532
271	0.514982
272	0.518812
273	0.521707
274	0.522373
275	0.521755
276	0.520212
277	0.516632
278	0.51206
279	0.506607
280	0.499352
281	0.491353
282	0.482561
283	0.472213
284	0.461339
285	0.449796
286	0.436942
287	0.423754
288	0.410048
289	0.395265
290	0.380316
291	0.365021
292	0.348865
293	0.332691
294	0.316353
295	0.299353
296	0.282458
297	0.265587
298	0.248233
299	0.231084
300	0.214141
301	0.196882
302	0.179899
303	0.163294
304	0.146531
305	0.130085
306	0.114171
307	0.0982524
308	0.0826632
309	0.0677298
310	0.0529489
311	0.0384873
312	0.0247643
313	0.0113546
314	-0.00175681
315	-0.0140987
316	-0.0259661
317	-0.0375507
318	-0.0483931
319	-0.058612
320	-0.0685385
321	-0.0778056
322	-0.0863341
323	-0.0945202
324	-0.102167
325	-0.109022
326	-0.11544
327	-0.121444
328	-0.126685
329	-0.131373
330	-0.135729
331	-0.13944
332	-0.142498
333	-0.145234
334	-0.147497
335	-0.14908
336	-0.150271
337	-0.151152
338	-0.151438
339	-0.151231
340	-0.150794
341	-0.14994
342	-0.148544
343	-0.146883
344	-0.144998
345	-0.142646
346	-0.139932
347	-0.137091
348	-0.133971
349	-0.130447
350	-0.126753
351	-0.122971
352	-0.118888
353	-0.114536
354	-0.110154
355	-0.105676
356	-0.100932
357	-0.0960696
358	-0.0912531
359	-0.0863356
360	-0.0812284
361	-0.0761274
362	-0.0711119
363	-0.0660089
364	-0.0608035
365	-0.0556952
366	-0.0506972
367	-0.0456418
368	-0.0405616
369	-0.0356402
370	-0.0308527
371	-0.0260447
372	-0.0212698
373	-0.0166941
374	-0.0122789
375	-0.00788012
376	-0.00354947
377	0.000558329
378	0.00447538
379	0.008342
380	0.0121266
381	0.0156816
382	0.0190145
383	0.0222628
384	0.0254319
385	0.0283848
386	0.0310893
387	0.0336691
388	0.0361792
389	0.0385105
390	0.0405832
391	0.0424833
392	0.0443125
393	0.0460197
394	0.0474923
395	0.0487458
396	0.0498983
397	0.0509821
398	0.0518999
399	0.0525856
400	0.0531104
401	0.0535758
402	0.0539655
403	0.0541794
404	0.0541891
405	0.0540828
406	0.0539427
407	0.0537365
408	0.0533723
409	0.0528323
410	0.052201
411	0.0515572
412	0.0508784
413	0.0500799
414	0.049129
415	0.0480903
416	0.0470502
417	0.0460203
418	0.044932
419	0.0437236
420	0.0424145
421	0.0410865
422	0.0397991
423	0.0385335
424	0.037219
425	0.0358105
426	0.0343356
427	0.0328693
428	0.0314674
429	0.0301203
430	0.0287681
431	0.027356
432	0.0258826
433	0.0244009
434	0.0229778
435	0.0216464
436	0.020386
437	0.0191411
438	0.0178615
439	0.016535
440	0.0151943
441	0.0138966
442	0.0126919
443	0.0115989
444	0.0105987
445	0.00964695
446	0.00869508
447	0.00771064
448	0.00668807
449	0.00564826
450	0.00462966
451	0.0036758
452	0.00282412
453	0.00209895
454	0.00150927
455	0.00105042
456	0.000708046
457	0.000462563
458	0.000293104
459	0.000180281
460	0.000107718
461	6.25694e-05
462	3.53571e-05
463	1.94504e-05
464	1.04231e-05
465	5.44428e-06
466	2.7734e-06
467	1.37861e-06
468	6.69039e-07
469	3.17135e-07
470	1.46897e-07
471	6.65187e-08
472	2.94581e-08
473	1.27631e-08
474	5.41196e-09
475	2.24667e-09
476	9.13369e-10
477	3.63751e-10
478	1.41949e-10
479	5.42933e-11
480	2.03588e-11
481	7.48608e-12
482	2.6999e-12
483	9.55269e-13
484	3.31645e-13
485	1.12999e-13
486	3.77925e-14
487	1.24095e-14
488	4.0007e-15
489	1.2669e-15
490	3.93923e-16
491	1.19908e-16
492	3.5893e-17
493	1.04291e-17
494	2.91168e-18
495	6.88214e-19
496	3.70577e-19
497	-2.64698e-19
498	-2.64698e-19
499	5.29396e-20
500	5.29396e-20
501	2.11758e-19
502	-3.17637e-19
503	0
504	1.05879e-19
505	-1.05879e-19
506	4.76456e-19
507	-3.17637e-19
508	-1.05879e-19
509	-2.64698e-19
510	-1.00585e-18
511	-1.90582e-18
512	-5.0822e-18
513	-1.59877e-17
514	-4.8175e-17
515	-1.4246e-16
516	-4.14781e-16
517	-1.18357e-15
518	-3.31576e-15
519	-9.11034e-15
520	-2.45508e-14
521	-6.48832e-14
522	-1.68115e-13
523	-4.26954e-13
524	-1.06255e-12
525	-2.59054e-12
526	-6.18565e-12
527	-1.44611e-11
528	-3.30902e-11
529	-7.40857e-11
530	-1.62238e-10
531	-3.47369e-10
532	-7.26901e-10
533	-1.48601e-09
534	-2.96648e-09
535	-5.77996e-09
536	-1.09865e-08
537	-2.03617e-08
538	-3.67749e-08
539	-6.46876e-08
540	-1.10755e-07
541	-1.84463e-07
542	-2.98666e-07
543	-4.69807e-07
544	-7.17538e-07
545	-1.06346e-06
546	-1.52875e-06
547	-2.13084e-06
548	-2.87951e-06
549	-3.77346e-06
550	-4.79866e-06
551	-5.92994e-06
552	-7.13633e-06
553	-8.38995e-06
554	-9.67572e-06
555	-1.09986e-05
556	-1.23844e-05
557	-1.38715e-05
558	-1.54968e-05
559	-1.72791e-05
560	-1.92102e-05
561	-2.12589e-05
562	-2.33879e-05
563	-2.5576e-05
564	-2.78321e-05
565	-3.01917e-05
566	-3.26947e-05
567	-3.53589e-05
568	-3.81667e-05
569	-4.10779e-05
570	-4.406e-05
571	-4.71139e-05
572	-5.02736e-05
573	-5.35775e-05
574	-5.7034e-05
575	-6.06123e-05
576	-6.42689e-05
577	-6.79868e-05
578	-7.17903e-05
579	-7.5719e-05
580	-7.97843e-05
581	-8.3954e-05
582	-8.81827e-05
583	-9.2457e-05
584	-9.68066e-05
585	-0.000101265
586	-0.000105826
587	-0.000110443
588	-0.00011508
589	-0.000119748
590	-0.000124485
591	-0.000129297
592	-0.000134144
593	-0.000138981
594	-0.00014381
595	-0.000148666
596	-0.000153558
597	-0.000158445
598	-0.000163281
599	-0.00016807
600	-0.000172847
601	-0.00017761
602	-0.000182312
603	-0.000186916
604	-0.000191437
605	-0.000195904
606	-0.000200297
607	-0.000204563
608	-0.000208685
609	-0.000212693
610	-0.000216598
611	-0.000220354
612	-0.000223921
613	-0.000227314
614	-0.000230561
615	-0.000233634
616	-0.000236483
617	-0.000239107
618	-0.000241538
619	-0.000243767
620	-0.000245742
621	-0.000247451
622	-0.000248927
623	-0.000250172
624	-0.000251137
625	-0.000251804
626	-0.000252209
627	-0.000252357
628	-0.000252205
629	-0.000251735
630	-0.000250984
631	-0.00024996
632	-0.000248623
633	-0.000246961
634	-0.000245014
635	-0.000242789
636	-0.000240246
637	-0.000237388
638	-0.000234257
639	-0.000230854
640	-0.000227143
641	-0.000223144
642	-0.000218901
643	-0.000214402
644	-0.000209626
645	-0.000204609
646	-0.000199391
647	-0.000193949
648	-0.000188281
649	-0.000182442
650	-0.000176453
651	-0.000170291
652	-0.000163984
653	-0.000157589
654	-0.000151104
655	-0.000144523
656	-0.000137904
657	-0.000131285
658	-0.000124652
659	-0.000118034
660	-0.000111497
661	-0.000105048
662	-9.86902e-05
663	-9.24852e-05
664	-8.64764e-05
665	-8.06567e-05
666	-7.50664e-05
667	-6.97727e-05
668	-6.4783e-05
669	-6.01117e-05
670	-5.58302e-05
671	-5.19717e-05
672	-4.85353e-05
673	-4.5579e-05
674	-4.316e-05
675	-4.1277e-05
676	-3.99664e-05
677	-3.9298e-05
678	-3.92822e-05
679	-3.9934e-05
680	-4.13234e-05
681	-4.3477e-05
682	-4.63943e-05
683	-5.01351e-05
684	-5.47406e-05
685	-6.02027e-05
686	-6.65644e-05
687	-7.38764e-05
688	-8.21285e-05
689	-9.13453e-05
690	-0.00010158
691	-0.000112824
692	-0.000125083
693	-0.000138408
694	-0.000152791
695	-0.000168222
696	-0.000184744
697	-0.00020235
698	-0.000221015
699	-0.00024077
700	-0.000261608
701	-0.000283491
702	-0.000306436
703	-0.000330431
704	-0.000355426
705	-0.000381426
706	-0.000408412
707	-0.000436321
708	-0.000465144
709	-0.000494853
710	-0.000525374
711	-0.000556684
712	-0.000588744
713	-0.000621467
714	-0.000654819
715	-0.000688748
716	-0.000723156
717	-0.000757996
718	-0.000793202
719	-0.000828664
720	-0.000864327
721	-0.000900109
722	-0.000935891
723	-0.000971607
724	-0.00100716
725	-0.00104242
726	-0.00107732
727	-0.00111174
728	-0.00114556
729	-0.00117868
730	-0.00121098
731	-0.00124233
732	-0.00127265
733	-0.00130178
734	-0.00132959
735	-0.001356
736	-0.00138085
737	-0.00140401
738	-0.00142538
739	-0.00144481
740	-0.00146218
741	-0.00147738
742	-0.00149025
743	-0.00150069
744	-0.00150858
745	-0.00151378
746	-0.00151619
747	-0.0015157
748	-0.00151217
749	-0.00150553
750	-0.00149565
751	-0.00148244
752	-0.00146582
753	-0.00144567
754	-0.00142193
755	-0.00139454
756	-0.0013634
757	-0.00132848
758	-0.00128971
759	-0.00124704
760	-0.00120046
761	-0.00114992
762	-0.00109542
763	-0.00103696
764	-0.000974518
765	-0.000908139
766	-0.000837844
767	-0.000763657
768	-0.000685658
769	-0.000603888
770	-0.000518429
771	-0.00042939
772	-0.000336846
773	-0.000240938
774	-0.000141793
775	-3.95402e-05
776	6.56325e-05
777	0.000173574
778	0.00028409
779	0.000396963
780	0.000512001
781	0.000628949
782	0.00074757
783	0.000867612
784	0.000988777
785	0.0011108
786	0.00123337
787	0.00135617
788	0.00147888
789	0.00160114
790	0.00172262
791	0.00184294
792	0.00196172
793	0.0020786
794	0.00219316
795	0.002305
796	0.00241371
797	0.00251886
798	0.00262005
799	0.00271681
800	0.00280873
801	0.00289536
802	0.00297624
803	0.00305096
804	0.00311904
805	0.00318006
806	0.00323357
807	0.00327912
808	0.00331629
809	0.00334464
810	0.00336377
811	0.00337326
812	0.00337269
813	0.00336171
814	0.00333992
815	0.00330696
816	0.00326252
817	0.00320623
818	0.00313784
819	0.00305703
820	0.00296356
821	0.0028572
822	0.00273774
823	0.00260501
824	0.00245886
825	0.00229918
826	0.0021259
827	0.00193894
828	0.00173834
829	0.00152408
830	0.00129627
831	0.00105499
832	0.000800397
833	0.000532701
834	0.000252117
835	-4.10504e-05
836	-0.000346485
837	-0.000663804
838	-0.000992576
839	-0.00133234
840	-0.00168255
841	-0.00204266
842	-0.00241202
843	-0.00278996
844	-0.00317577
845	-0.00356864
846	-0.00396778
847	-0.00437228
848	-0.00478122
849	-0.00519364
850	-0.00560848
851	-0.0060247
852	-0.00644116
853	-0.0068567
854	-0.0072701
855	-0.00768012
856	-0.00808547
857	-0.0084848
858	-0.00887677
859	-0.00925995
860	-0.00963293
861	-0.00999424
862	-0.0103424
863	-0.0106759
864	-0.0109932
865	-0.0112928
866	-0.0115731
867	-0.0118325
868	-0.0120695
869	-0.0122825
870	-0.01247
871	-0.0126303
872	-0.0127621
873	-0.0128636
874	-0.0129335
875	-0.0129702
876	-0.0129724
877	-0.0129386
878	-0.0128675
879	-0.0127577
880	-0.0126081
881	-0.0124175
882	-0.0121846
883	-0.0119086
884	-0.0115883
885	-0.011223
886	-0.0108119
887	-0.0103542
888	-0.00984932
889	-0.00929684
890	-0.00869636
891	-0.00804761
892	-0.00735049
893	-0.00660498
894	-0.00581122
895	-0.00496948
896	-0.00408019
897	-0.00314391
898	-0.00216135
899	-0.00113341
900	-6.11038e-05
901	0.00105434
902	0.00221157
903	0.00340904
904	0.00464503
905	0.00591765
906	0.00722484
907	0.00856435
908	0.00993376
909	0.0113305
910	0.0127517
911	0.0141944
912	0.0156556
913	0.0171319
914	0.0186198
915	0.0201157
916	0.0216156
917	0.0231158
918	0.0246119
919	0.0260997
920	0.0275748
921	0.0290326
922	0.0304683
923	0.0318771
924	0.033254
925	0.034594
926	0.0358918
927	0.0371423
928	0.0383401
929	0.0394798
930	0.0405559
931	0.041563
932	0.0424955
933	0.043348
934	0.0441147
935	0.0447904
936	0.0453695
937	0.0458465
938	0.0462162
939	0.0464732
940	0.0466125
941	0.0466289
942	0.0465176
943	0.0462738
944	0.0458931
945	0.045371
946	0.0447034
947	0.0438864
948	0.0429164
949	0.04179
950	0.0405043
951	0.0390565
952	0.0374441
953	0.0356653
954	0.0337183
955	0.0316019
956	0.0293153
957	0.0268583
958	0.0242307
959	0.0214334
960	0.0184672
961	0.0153337
962	0.0120352
963	0.00857422
964	0.00495398
965	0.00117826
966	-0.00274857
967	-0.00682156
968	-0.0110352
969	-0.0153832
970	-0.0198589
971	-0.0244548
972	-0.0291629
973	-0.0339746
974	-0.0388805
975	-0.0438707
976	-0.0489346
977	-0.0540611
978	-0.0592383
979	-0.0644539
980	-0.0696948
981	-0.0749475
982	-0.0801978
983	-0.0854309
984	-0.0906316
985	-0.0957842
986	-0.100872
987	-0.105879
988	-0.110788
989	-0.115581
990	-0.12024
991	-0.124747
992	-0.129083
993	-0.13323
994	-0.137168
995	-0.140878
996	-0.144341
997	-0.147537
998	-0.150448
999	-0.153052
