0	0.968583
1	0.977365
2	0.985811
3	0.992301
4	0.99685
5	0.999407
6	1.00002
7	0.998626
8	0.995304
9	0.989965
10	0.982731
11	0.973492
12	0.962404
13	0.949337
14	0.934481
15	0.917691
16	0.899185
17	0.878804
18	0.856792
19	0.832982
20	0.807638
21	0.780588
22	0.752109
23	0.722034
24	0.690643
25	0.65778
26	0.623719
27	0.588328
28	0.551855
29	0.514206
30	0.475585
31	0.435949
32	0.395436
33	0.354063
34	0.31188
35	0.268977
36	0.225294
37	0.181006
38	0.135939
39	0.0903738
40	0.0440345
41	-0.00266567
42	-0.0500737
43	-0.0976273
44	-0.145721
45	-0.193668
46	-0.24191
47	-0.289708
48	-0.33756
49	-0.384757
50	-0.431819
51	-0.478106
52	-0.524063
53	-0.569136
54	-0.613598
55	-0.657044
56	-0.69955
57	-0.740956
58	-0.781128
59	-0.820187
60	-0.857745
61	-0.894163
62	-0.928788
63	-0.962199
64	-0.993573
65	-1.02366
66	-1.05157
67	-1.07809
68	-1.10235
69	-1.12502
70	-1.14542
71	-1.164
72	-1.1804
73	-1.19473
74	-1.20702
75	-1.21695
76	-1.22498
77	-1.23043
78	-1.23411
79	-1.23508
80	-1.23433
81	-1.23084
82	-1.22557
83	-1.21769
84	-1.2079
85	-1.19573
86	-1.18143
87	-1.16508
88	-1.14637
89	-1.12595
90	-1.10301
91	-1.0786
92	-1.05166
93	-1.02337
94	-0.992726
95	-0.960688
96	-0.926644
97	-0.891026
98	-0.853889
99	-0.814959
100	-0.774992
101	-0.733094
102	-0.690521
103	-0.646086
104	-0.601118
105	-0.554609
106	-0.507476
107	-0.459346
108	-0.410358
109	-0.360994
110	-0.310557
111	-0.260264
112	-0.20889
113	-0.157911
114	-0.106156
115	-0.0547342
116	-0.00313085
117	0.0484215
118	0.099445
119	0.150691
120	0.200837
121	0.251224
122	0.300292
123	0.349228
124	0.397021
125	0.443987
126	0.490202
127	0.534844
128	0.579026
129	0.621169
130	0.662748
131	0.702309
132	0.74074
133	0.777577
134	0.812481
135	0.846277
136	0.877527
137	0.907791
138	0.935421
139	0.961635
140	0.985671
141	1.00749
142	1.02776
143	1.04513
144	1.06124
145	1.07436
146	1.08585
147	1.09489
148	1.1015
149	1.10642
150	1.10824
151	1.10872
152	1.10612
153	1.10177
154	1.09508
155	1.0858
156	1.07502
157	1.06111
158	1.04596
159	1.02798
160	1.00818
161	0.98652
162	0.962192
163	0.93683
164	0.908571
165	0.879216
166	0.847706
167	0.814288
168	0.779848
169	0.742834
170	0.705303
171	0.665543
172	0.624707
173	0.582833
174	0.538993
175	0.495058
176	0.449075
177	0.40282
178	0.355583
179	0.307108
180	0.258901
181	0.209026
182	0.159584
183	0.109354
184	0.0586331
185	0.00852465
186	-0.0427574
187	-0.0929692
188	-0.143673
189	-0.194182
190	-0.243676
191	-0.293844
192	-0.342372
193	-0.390993
194	-0.43885
195	-0.485247
196	-0.53184
197	-0.576294
198	-0.620402
199	-0.663297
200	-0.704242
201	-0.745004
202	-0.78319
203	-0.820553
204	-0.856446
205	-0.889855
206	-0.922787
207	-0.952854
208	-0.981563
209	-1.00874
210	-1.03293
211	-1.05639
212	-1.0769
213	-1.09547
214	-1.11263
215	-1.1264
216	-1.13919
217	-1.1492
218	-1.15665
219	-1.16295
220	-1.16568
221	-1.16705
222	-1.16614
223	-1.16208
224	-1.15713
225	-1.14882
226	-1.13856
227	-1.12681
228	-1.11155
229	-1.09536
230	-1.0766
231	-1.05517
232	-1.033
233	-1.00753
234	-0.980671
235	-0.952429
236	-0.921047
237	-0.889217
238	-0.855092
239	-0.818788
240	-0.782237
241	-0.742846
242	-0.702541
243	-0.66152
244	-0.617831
245	-0.574247
246	-0.529212
247	-0.482332
248	-0.435933
249	-0.387094
250	-0.336532
251	-0.287755
252	-0.239991
253	-0.194656
254	-0.150849
255	-0.107242
256	-0.0662196
257	-0.0261907
258	0.0129121
259	0.0493498
260	0.0850655
261	0.119172
262	0.150824
263	0.181794
264	0.210655
265	0.237406
266	0.263352
267	0.286912
268	0.308726
269	0.329533
270	0.347883
271	0.364806
272	0.380521
273	0.393859
274	0.406026
275	0.41683
276	0.42544
277	0.433073
278	0.43926
279	0.443488
280	0.446892
281	0.448841
282	0.449084
283	0.448633
284	0.446783
285	0.443479
286	0.439602
287	0.434432
288	0.428045
289	0.421209
290	0.413222
291	0.404235
292	0.394926
293	0.384633
294	0.373535
295	0.362247
296	0.350153
297	0.337428
298	0.324646
299	0.311243
300	0.297361
301	0.283551
302	0.269306
303	0.254711
304	0.24031
305	0.22566
306	0.210768
307	0.196174
308	0.181515
309	0.166706
310	0.152279
311	0.137962
312	0.123577
313	0.109627
314	0.0959553
315	0.0822919
316	0.0690843
317	0.0563072
318	0.0436194
319	0.0313752
320	0.0196864
321	0.00818075
322	-0.00292068
323	-0.0133815
324	-0.0235491
325	-0.0333654
326	-0.0425089
327	-0.0512367
328	-0.0596593
329	-0.0674377
330	-0.0746813
331	-0.0816355
332	-0.0880304
333	-0.0938018
334	-0.0992524
335	-0.104262
336	-0.108621
337	-0.112582
338	-0.116213
339	-0.119249
340	-0.121792
341	-0.124064
342	-0.125869
343	-0.127123
344	-0.128086
345	-0.128736
346	-0.128863
347	-0.128622
348	-0.128175
349	-0.127331
350	-0.126054
351	-0.12458
352	-0.122878
353	-0.120771
354	-0.118394
355	-0.115904
356	-0.113148
357	-0.110066
358	-0.106864
359	-0.103566
360	-0.100002
361	-0.0962358
362	-0.0924484
363	-0.0885609
364	-0.0844529
365	-0.0802647
366	-0.0761106
367	-0.0718601
368	-0.0674604
369	-0.0630783
370	-0.0587616
371	-0.0543679
372	-0.0498996
373	-0.0455194
374	-0.0412279
375	-0.0368901
376	-0.0325409
377	-0.0283285
378	-0.024228
379	-0.0201154
380	-0.016037
381	-0.0121278
382	-0.00835638
383	-0.00460532
384	-0.000915202
385	0.00258701
386	0.00592354
387	0.00920965
388	0.0124252
389	0.0154488
390	0.0182794
391	0.0210288
392	0.0237105
393	0.0262143
394	0.0285038
395	0.0306764
396	0.0327871
397	0.0347539
398	0.0365023
399	0.0380923
400	0.0396146
401	0.0410405
402	0.042275
403	0.0433159
404	0.0442574
405	0.0451416
406	0.0458972
407	0.0464582
408	0.0468693
409	0.0472193
410	0.0475128
411	0.0476705
412	0.0476531
413	0.0475213
414	0.0473529
415	0.0471393
416	0.046806
417	0.0463208
418	0.0457416
419	0.0451428
420	0.0445251
421	0.0438223
422	0.0429918
423	0.0420712
424	0.0411359
425	0.0402141
426	0.039261
427	0.0382168
428	0.0370788
429	0.0359068
430	0.0347616
431	0.0336459
432	0.032508
433	0.0312988
434	0.0300232
435	0.0287369
436	0.0274963
437	0.026311
438	0.0251407
439	0.0239337
440	0.0226723
441	0.0213881
442	0.0201371
443	0.0189594
444	0.0178531
445	0.0167793
446	0.0156911
447	0.0145652
448	0.013416
449	0.0122857
450	0.0112209
451	0.0102484
452	0.0093643
453	0.0085384
454	0.00772977
455	0.00690464
456	0.00604872
457	0.00517064
458	0.0042971
459	0.0034634
460	0.0027035
461	0.0020426
462	0.00149364
463	0.00105741
464	0.000725114
465	0.000481965
466	0.000310733
467	0.000194468
468	0.00011823
469	6.98782e-05
470	4.01795e-05
471	2.24911e-05
472	1.22643e-05
473	6.51871e-06
474	3.37927e-06
475	1.70947e-06
476	8.44305e-07
477	4.07329e-07
478	1.92042e-07
479	8.85194e-08
480	3.99065e-08
481	1.76027e-08
482	7.59967e-09
483	3.21248e-09
484	1.33e-09
485	5.39461e-10
486	2.14431e-10
487	8.35505e-11
488	3.19195e-11
489	1.19595e-11
490	4.39559e-12
491	1.58512e-12
492	5.60969e-13
493	1.94863e-13
494	6.6453e-14
495	2.22519e-14
496	7.31709e-15
497	2.3637e-15
498	7.50101e-16
499	2.33305e-16
500	7.13625e-17
501	2.13876e-17
502	5.3469e-18
503	-1.16467e-18
504	-8.73503e-18
505	-2.82697e-17
506	-8.38563e-17
507	-2.44157e-16
508	-6.94885e-16
509	-1.94672e-15
510	-5.35039e-15
511	-1.44279e-14
512	-3.81666e-14
513	-9.90215e-14
514	-2.51907e-13
515	-6.28211e-13
516	-1.53537e-12
517	-3.67658e-12
518	-8.6233e-12
519	-1.98047e-11
520	-4.45234e-11
521	-9.79457e-11
522	-2.10767e-10
523	-4.4348e-10
524	-9.12064e-10
525	-1.83261e-09
526	-3.59595e-09
527	-6.8873e-09
528	-1.28694e-08
529	-2.34482e-08
530	-4.16357e-08
531	-7.20071e-08
532	-1.21221e-07
533	-1.98523e-07
534	-3.16085e-07
535	-4.88983e-07
536	-7.34564e-07
537	-1.071e-06
538	-1.51495e-06
539	-2.07855e-06
540	-2.76624e-06
541	-3.57251e-06
542	-4.48158e-06
543	-5.47002e-06
544	-6.51251e-06
545	-7.58972e-06
546	-8.6958e-06
547	-9.84241e-06
548	-1.10564e-05
549	-1.23709e-05
550	-1.3812e-05
551	-1.5387e-05
552	-1.70811e-05
553	-1.88646e-05
554	-2.07098e-05
555	-2.26078e-05
556	-2.45753e-05
557	-2.66458e-05
558	-2.88482e-05
559	-3.11874e-05
560	-3.36407e-05
561	-3.6174e-05
562	-3.8768e-05
563	-4.14337e-05
564	-4.42039e-05
565	-4.71052e-05
566	-5.01343e-05
567	-5.32592e-05
568	-5.64474e-05
569	-5.96952e-05
570	-6.30297e-05
571	-6.64804e-05
572	-7.00468e-05
573	-7.36956e-05
574	-7.73932e-05
575	-8.11384e-05
576	-8.49607e-05
577	-8.88824e-05
578	-9.2888e-05
579	-9.69375e-05
580	-0.000101008
581	-0.000105118
582	-0.000109294
583	-0.000113535
584	-0.000117803
585	-0.000122064
586	-0.000126329
587	-0.000130626
588	-0.000134955
589	-0.000139277
590	-0.000143559
591	-0.000147811
592	-0.000152059
593	-0.000156297
594	-0.000160482
595	-0.000164588
596	-0.000168632
597	-0.000172636
598	-0.000176576
599	-0.000180409
600	-0.000184126
601	-0.000187754
602	-0.000191295
603	-0.00019471
604	-0.000197967
605	-0.000201083
606	-0.000204078
607	-0.000206925
608	-0.000209584
609	-0.000212056
610	-0.000214369
611	-0.00021651
612	-0.000218436
613	-0.000220139
614	-0.000221648
615	-0.00022296
616	-0.000224035
617	-0.00022486
618	-0.000225463
619	-0.000225849
620	-0.00022598
621	-0.000225843
622	-0.000225467
623	-0.000224859
624	-0.000223986
625	-0.000222837
626	-0.000221445
627	-0.000219816
628	-0.000217919
629	-0.000215752
630	-0.000213351
631	-0.000210719
632	-0.000207826
633	-0.000204685
634	-0.000201334
635	-0.000197768
636	-0.000193964
637	-0.000189952
638	-0.000185765
639	-0.000181391
640	-0.000176822
641	-0.000172102
642	-0.000167254
643	-0.00016226
644	-0.000157138
645	-0.000151936
646	-0.00014666
647	-0.000141301
648	-0.000135902
649	-0.000130502
650	-0.000125093
651	-0.000119691
652	-0.000114351
653	-0.000109091
654	-0.000103907
655	-9.88439e-05
656	-9.39486e-05
657	-8.92184e-05
658	-8.46759e-05
659	-8.03812e-05
660	-7.63517e-05
661	-7.25908e-05
662	-6.91531e-05
663	-6.60802e-05
664	-6.33706e-05
665	-6.10608e-05
666	-5.92086e-05
667	-5.78215e-05
668	-5.69161e-05
669	-5.65532e-05
670	-5.67564e-05
671	-5.75281e-05
672	-5.89206e-05
673	-6.09732e-05
674	-6.36826e-05
675	-6.70855e-05
676	-7.12315e-05
677	-7.61186e-05
678	-8.17663e-05
679	-8.82265e-05
680	-9.55032e-05
681	-0.000103599
682	-0.000112563
683	-0.000122404
684	-0.000133113
685	-0.000144728
686	-0.000157264
687	-0.0001707
688	-0.000185063
689	-0.000200369
690	-0.000216589
691	-0.000233736
692	-0.000251824
693	-0.000270818
694	-0.000290717
695	-0.000311529
696	-0.000333213
697	-0.000355752
698	-0.000379151
699	-0.000403358
700	-0.000428346
701	-0.000454107
702	-0.000480585
703	-0.000507737
704	-0.000535548
705	-0.00056395
706	-0.000592891
707	-0.000622344
708	-0.000652232
709	-0.000682491
710	-0.000713084
711	-0.000743923
712	-0.000774935
713	-0.000806072
714	-0.000837235
715	-0.000868344
716	-0.000899339
717	-0.00093011
718	-0.000960573
719	-0.000990656
720	-0.00102024
721	-0.00104924
722	-0.00107757
723	-0.0011051
724	-0.00113174
725	-0.00115741
726	-0.00118197
727	-0.00120533
728	-0.00122738
729	-0.001248
730	-0.0012671
731	-0.00128457
732	-0.00130028
733	-0.00131414
734	-0.00132603
735	-0.00133585
736	-0.0013435
737	-0.00134886
738	-0.00135183
739	-0.00135234
740	-0.00135025
741	-0.0013455
742	-0.00133799
743	-0.00132762
744	-0.00131433
745	-0.00129805
746	-0.00127867
747	-0.00125616
748	-0.00123045
749	-0.00120148
750	-0.00116922
751	-0.00113361
752	-0.00109463
753	-0.00105227
754	-0.00100648
755	-0.000957278
756	-0.000904669
757	-0.000848647
758	-0.000789256
759	-0.000726511
760	-0.000660456
761	-0.00059116
762	-0.000518663
763	-0.000443057
764	-0.00036443
765	-0.000282863
766	-0.000198489
767	-0.000111416
768	-2.17772e-05
769	7.02638e-05
770	0.000164571
771	0.000260955
772	0.000359234
773	0.000459226
774	0.000560699
775	0.00066345
776	0.000767242
777	0.000871817
778	0.000976941
779	0.00108232
780	0.0011877
781	0.00129277
782	0.00139723
783	0.00150079
784	0.00160311
785	0.00170385
786	0.00180271
787	0.0018993
788	0.00199329
789	0.00208432
790	0.00217202
791	0.00225602
792	0.00233594
793	0.0024114
794	0.00248204
795	0.00254744
796	0.00260725
797	0.00266108
798	0.00270853
799	0.00274926
800	0.00278285
801	0.00280897
802	0.00282723
803	0.0028373
804	0.00283882
805	0.00283145
806	0.00281487
807	0.00278878
808	0.00275287
809	0.00270687
810	0.00265051
811	0.00258354
812	0.00250575
813	0.00241692
814	0.00231688
815	0.00220547
816	0.00208256
817	0.00194804
818	0.00180185
819	0.00164393
820	0.00147426
821	0.00129288
822	0.00109982
823	0.000895177
824	0.000679069
825	0.000451649
826	0.000213127
827	-3.62794e-05
828	-0.000296279
829	-0.000566566
830	-0.000846784
831	-0.00113652
832	-0.00143536
833	-0.00174279
834	-0.0020583
835	-0.00238132
836	-0.00271122
837	-0.00304736
838	-0.00338902
839	-0.00373547
840	-0.00408591
841	-0.00443951
842	-0.00479541
843	-0.00515267
844	-0.00551037
845	-0.00586748
846	-0.00622299
847	-0.00657583
848	-0.00692489
849	-0.00726904
850	-0.0076071
851	-0.00793789
852	-0.00826016
853	-0.00857269
854	-0.00887418
855	-0.00916335
856	-0.0094389
857	-0.00969948
858	-0.00994378
859	-0.0101704
860	-0.0103781
861	-0.0105655
862	-0.0107311
863	-0.0108738
864	-0.0109921
865	-0.0110848
866	-0.0111505
867	-0.011188
868	-0.011196
869	-0.0111734
870	-0.011119
871	-0.0110315
872	-0.0109101
873	-0.0107535
874	-0.0105609
875	-0.0103313
876	-0.0100639
877	-0.00975795
878	-0.00941267
879	-0.0090275
880	-0.00860189
881	-0.00813541
882	-0.00762771
883	-0.00707856
884	-0.00648782
885	-0.00585545
886	-0.00518156
887	-0.00446635
888	-0.00371015
889	-0.00291342
890	-0.00207675
891	-0.00120086
892	-0.000286615
893	0.000664983
894	0.00165279
895	0.00267551
896	0.0037317
897	0.00481977
898	0.00593799
899	0.00708445
900	0.00825712
901	0.00945377
902	0.0106721
903	0.0119095
904	0.0131634
905	0.0144309
906	0.0157091
907	0.0169949
908	0.018285
909	0.019576
910	0.0208644
911	0.0221465
912	0.0234185
913	0.0246765
914	0.0259165
915	0.0271344
916	0.0283258
917	0.0294864
918	0.0306119
919	0.0316977
920	0.0327392
921	0.0337318
922	0.0346708
923	0.0355516
924	0.0363693
925	0.0371192
926	0.0377966
927	0.0383967
928	0.0389148
929	0.0393463
930	0.0396865
931	0.0399308
932	0.0400749
933	0.0401144
934	0.040045
935	0.0398626
936	0.0395633
937	0.0391433
938	0.0385991
939	0.0379271
940	0.0371243
941	0.0361876
942	0.0351145
943	0.0339026
944	0.0325496
945	0.0310539
946	0.0294138
947	0.0276284
948	0.0256968
949	0.0236186
950	0.0213938
951	0.0190228
952	0.0165065
953	0.013846
954	0.0110432
955	0.00810004
956	0.00501935
957	0.00180421
958	-0.00154174
959	-0.00501436
960	-0.00860899
961	-0.0123205
962	-0.016143
963	-0.0200705
964	-0.024096
965	-0.0282122
966	-0.0324114
967	-0.036685
968	-0.0410241
969	-0.0454191
970	-0.0498602
971	-0.0543367
972	-0.0588376
973	-0.0633512
974	-0.0678656
975	-0.0723681
976	-0.0768458
977	-0.0812852
978	-0.0856725
979	-0.0899932
980	-0.0942328
981	-0.0983762
982	-0.102408
983	-0.106313
984	-0.110074
985	-0.113677
986	-0.117103
987	-0.120338
988	-0.123364
989	-0.126164
990	-0.128722
991	-0.131021
992	-0.133045
993	-0.134777
994	-0.136199
995	-0.137297
996	-0.138055
997	-0.138456
998	-0.138485
999	-0.138128
