0	0.827081
1	0.847839
2	0.87056
3	0.89156
4	0.910803
5	0.928244
6	0.943858
7	0.957604
8	0.969465
9	0.979406
10	0.987423
11	0.993479
12	0.99759
13	0.999712
14	0.999884
15	0.998054
16	0.994288
17	0.988517
18	0.980841
19	0.97117
20	0.95964
21	0.946132
22	0.930823
23	0.913554
24	0.894547
25	0.873592
26	0.850952
27	0.826358
28	0.800113
29	0.771887
30	0.742025
31	0.71015
32	0.67666
33	0.641164
34	0.604132
35	0.565192
36	0.524888
37	0.482885
38	0.439759
39	0.395203
40	0.349747
41	0.303101
42	0.2557
43	0.207305
44	0.158254
45	0.108442
46	0.0581132
47	0.00733683
48	-0.0437844
49	-0.0950265
50	-0.146488
51	-0.197792
52	-0.249223
53	-0.300215
54	-0.351191
55	-0.401421
56	-0.451459
57	-0.500501
58	-0.549187
59	-0.596695
60	-0.643633
61	-0.68923
62	-0.733977
63	-0.777281
64	-0.819449
65	-0.860148
66	-0.899397
67	-0.937161
68	-0.973136
69	-1.00763
70	-1.04005
71	-1.071
72	-1.09963
73	-1.12673
74	-1.15134
75	-1.17433
76	-1.19477
77	-1.21342
78	-1.22956
79	-1.24365
80	-1.25539
81	-1.26479
82	-1.27203
83	-1.27666
84	-1.27931
85	-1.27914
86	-1.27714
87	-1.27223
88	-1.2655
89	-1.25595
90	-1.24447
91	-1.23042
92	-1.21422
93	-1.19579
94	-1.17497
95	-1.1523
96	-1.12705
97	-1.10026
98	-1.07084
99	-1.04004
100	-1.00678
101	-0.9721
102	-0.935345
103	-0.896982
104	-0.857064
105	-0.815302
106	-0.772503
107	-0.727723
108	-0.68228
109	-0.634953
110	-0.587082
111	-0.537708
112	-0.487662
113	-0.436716
114	-0.384836
115	-0.33271
116	-0.279458
117	-0.22645
118	-0.172388
119	-0.118741
120	-0.0644631
121	-0.0104421
122	0.0435177
123	0.0975414
124	0.150782
125	0.204297
126	0.256555
127	0.308946
128	0.360029
129	0.410687
130	0.46035
131	0.508796
132	0.556647
133	0.602603
134	0.648084
135	0.691429
136	0.733931
137	0.774561
138	0.813579
139	0.851249
140	0.886528
141	0.920782
142	0.952296
143	0.982572
144	1.01037
145	1.0362
146	1.06018
147	1.08138
148	1.1012
149	1.11789
150	1.13306
151	1.14545
152	1.15557
153	1.16369
154	1.16875
155	1.17232
156	1.17261
157	1.17122
158	1.16711
159	1.16051
160	1.1521
161	1.1405
162	1.12754
163	1.11146
164	1.09361
165	1.07351
166	1.05077
167	1.02674
168	0.999611
169	0.971341
170	0.940554
171	0.907886
172	0.873846
173	0.83715
174	0.799769
175	0.75986
176	0.718883
177	0.676496
178	0.632103
179	0.587386
180	0.540404
181	0.493096
182	0.444466
183	0.394596
184	0.344715
185	0.293018
186	0.241681
187	0.189247
188	0.136328
189	0.0837626
190	0.0299161
191	-0.0229553
192	-0.0765571
193	-0.129953
194	-0.182584
195	-0.235934
196	-0.287734
197	-0.339834
198	-0.391122
199	-0.44116
200	-0.491428
201	-0.539598
202	-0.587581
203	-0.634302
204	-0.679215
205	-0.723948
206	-0.766125
207	-0.80758
208	-0.847483
209	-0.88501
210	-0.922024
211	-0.956136
212	-0.988974
213	-1.02015
214	-1.04839
215	-1.07586
216	-1.10027
217	-1.12279
218	-1.14377
219	-1.16131
220	-1.17783
221	-1.19142
222	-1.20244
223	-1.21218
224	-1.21824
225	-1.22287
226	-1.22505
227	-1.22402
228	-1.22193
229	-1.21635
230	-1.20873
231	-1.19942
232	-1.18648
233	-1.17249
234	-1.1557
235	-1.13616
236	-1.11567
237	-1.09171
238	-1.06624
239	-1.03915
240	-1.00879
241	-0.977814
242	-0.944305
243	-0.908512
244	-0.872251
245	-0.832953
246	-0.792622
247	-0.751301
248	-0.707032
249	-0.661905
250	-0.612783
251	-0.56296
252	-0.517357
253	-0.471744
254	-0.426904
255	-0.3835
256	-0.339556
257	-0.297183
258	-0.255813
259	-0.214458
260	-0.17515
261	-0.13649
262	-0.0985388
263	-0.0627298
264	-0.0274088
265	0.00656816
266	0.0385527
267	0.0700136
268	0.0996633
269	0.127581
270	0.154804
271	0.179951
272	0.203639
273	0.226403
274	0.247009
275	0.266389
276	0.284627
277	0.300761
278	0.315846
279	0.329622
280	0.341437
281	0.352334
282	0.361825
283	0.369545
284	0.376447
285	0.381918
286	0.385827
287	0.389004
288	0.390787
289	0.391216
290	0.391001
291	0.389476
292	0.386799
293	0.383569
294	0.379151
295	0.373767
296	0.367935
297	0.361058
298	0.353385
299	0.345377
300	0.336482
301	0.326945
302	0.317195
303	0.306721
304	0.295742
305	0.284673
306	0.273047
307	0.261036
308	0.249055
309	0.236684
310	0.224031
311	0.211519
312	0.198782
313	0.185852
314	0.173158
315	0.160402
316	0.147527
317	0.134963
318	0.122495
319	0.109975
320	0.0978147
321	0.0858972
322	0.0739963
323	0.0624716
324	0.0513223
325	0.0402635
326	0.0295695
327	0.0193573
328	0.00932232
329	-0.000381089
330	-0.00953455
331	-0.0184094
332	-0.0269939
333	-0.0350094
334	-0.042637
335	-0.0500039
336	-0.0568365
337	-0.0631809
338	-0.0692633
339	-0.0748908
340	-0.079965
341	-0.0847338
342	-0.0891469
343	-0.0930022
344	-0.0964758
345	-0.0996739
346	-0.102382
347	-0.104631
348	-0.106631
349	-0.10826
350	-0.109401
351	-0.110254
352	-0.110858
353	-0.111029
354	-0.110841
355	-0.110467
356	-0.109786
357	-0.108714
358	-0.107435
359	-0.105984
360	-0.104202
361	-0.102146
362	-0.0999811
363	-0.0976247
364	-0.0949768
365	-0.0921833
366	-0.0893249
367	-0.0862665
368	-0.0830006
369	-0.0796906
370	-0.076329
371	-0.0727889
372	-0.0691368
373	-0.0655082
374	-0.0618364
375	-0.0580298
376	-0.054196
377	-0.0504293
378	-0.046634
379	-0.0427554
380	-0.0389157
381	-0.0351739
382	-0.0314256
383	-0.0276416
384	-0.0239433
385	-0.0203688
386	-0.0168142
387	-0.0132609
388	-0.00982375
389	-0.00653378
390	-0.00329204
391	-7.63807e-05
392	0.00300814
393	0.00592433
394	0.00876297
395	0.0115613
396	0.0142288
397	0.0167122
398	0.0190868
399	0.0214122
400	0.0236224
401	0.0256441
402	0.0275241
403	0.0293427
404	0.0310734
405	0.0326312
406	0.0340184
407	0.0353194
408	0.0365595
409	0.0376672
410	0.0385953
411	0.0393983
412	0.0401462
413	0.0408178
414	0.0413396
415	0.041704
416	0.0419823
417	0.0422211
418	0.0423783
419	0.0423922
420	0.0422747
421	0.0420972
422	0.0418946
423	0.0416231
424	0.0412273
425	0.0407189
426	0.0401644
427	0.0396028
428	0.0390015
429	0.0383047
430	0.0375068
431	0.0366623
432	0.0358241
433	0.0349866
434	0.0340984
435	0.0331254
436	0.0320913
437	0.0310545
438	0.030049
439	0.0290547
440	0.0280225
441	0.0269267
442	0.0257915
443	0.0246697
444	0.0235965
445	0.022562
446	0.0215241
447	0.0204464
448	0.01933
449	0.0182122
450	0.0171391
451	0.016133
452	0.0151799
453	0.0142417
454	0.0132832
455	0.0122952
456	0.0112989
457	0.0103333
458	0.00943403
459	0.00861588
460	0.00786783
461	0.00716024
462	0.00645912
463	0.00574012
464	0.00499677
465	0.00424116
466	0.00349849
467	0.00279876
468	0.00216892
469	0.00162749
470	0.0011825
471	0.000832238
472	0.000567663
473	0.000375507
474	0.000241068
475	0.000150307
476	9.10864e-05
477	5.36879e-05
478	3.07999e-05
479	1.72092e-05
480	9.37087e-06
481	4.97586e-06
482	2.57792e-06
483	1.3038e-06
484	6.44041e-07
485	3.10869e-07
486	1.46688e-07
487	6.76929e-08
488	3.05631e-08
489	1.35056e-08
490	5.84315e-09
491	2.47592e-09
492	1.02782e-09
493	4.18135e-10
494	1.66746e-10
495	6.52e-11
496	2.50035e-11
497	9.40621e-12
498	3.47202e-12
499	1.25762e-12
500	4.4673e-13
501	1.54619e-13
502	4.93199e-14
503	6.69969e-15
504	-2.38836e-14
505	-7.52164e-14
506	-1.94998e-13
507	-4.86126e-13
508	-1.18517e-12
509	-2.8309e-12
510	-6.62486e-12
511	-1.51852e-11
512	-3.40815e-11
513	-7.48736e-11
514	-1.60952e-10
515	-3.38425e-10
516	-6.95749e-10
517	-1.39794e-09
518	-2.74396e-09
519	-5.25922e-09
520	-9.83793e-09
521	-1.79516e-08
522	-3.19365e-08
523	-5.53617e-08
524	-9.34582e-08
525	-1.53551e-07
526	-2.45386e-07
527	-3.812e-07
528	-5.75323e-07
529	-8.43143e-07
530	-1.19933e-06
531	-1.65543e-06
532	-2.21719e-06
533	-2.88241e-06
534	-3.64015e-06
535	-4.47223e-06
536	-5.35736e-06
537	-6.27737e-06
538	-7.22376e-06
539	-8.20217e-06
540	-9.23211e-06
541	-1.0341e-05
542	-1.15539e-05
543	-1.28825e-05
544	-1.43203e-05
545	-1.5845e-05
546	-1.74314e-05
547	-1.90656e-05
548	-2.0755e-05
549	-2.25247e-05
550	-2.44024e-05
551	-2.64008e-05
552	-2.85083e-05
553	-3.06974e-05
554	-3.29452e-05
555	-3.52513e-05
556	-3.76387e-05
557	-4.01348e-05
558	-4.2748e-05
559	-4.54588e-05
560	-4.8237e-05
561	-5.10677e-05
562	-5.39652e-05
563	-5.69572e-05
564	-6.00561e-05
565	-6.32435e-05
566	-6.64872e-05
567	-6.97724e-05
568	-7.31155e-05
569	-7.65422e-05
570	-8.0055e-05
571	-8.36257e-05
572	-8.72243e-05
573	-9.08502e-05
574	-9.45278e-05
575	-9.82708e-05
576	-0.000102058
577	-0.000105855
578	-0.000109652
579	-0.000113469
580	-0.000117322
581	-0.000121193
582	-0.000125045
583	-0.000128867
584	-0.00013268
585	-0.000136496
586	-0.000140291
587	-0.00014403
588	-0.000147709
589	-0.00015135
590	-0.000154955
591	-0.000158492
592	-0.000161933
593	-0.000165286
594	-0.000168572
595	-0.000171775
596	-0.000174856
597	-0.000177808
598	-0.000180652
599	-0.000183389
600	-0.000185986
601	-0.000188419
602	-0.000190704
603	-0.000192855
604	-0.000194846
605	-0.000196647
606	-0.000198266
607	-0.000199724
608	-0.000201003
609	-0.00020207
610	-0.00020293
611	-0.000203606
612	-0.000204087
613	-0.000204341
614	-0.000204371
615	-0.000204203
616	-0.000203828
617	-0.000203217
618	-0.000202376
619	-0.000201332
620	-0.000200077
621	-0.000198586
622	-0.00019687
623	-0.000194958
624	-0.000192839
625	-0.000190494
626	-0.000187944
627	-0.000185217
628	-0.000182296
629	-0.000179173
630	-0.00017588
631	-0.000172437
632	-0.000168826
633	-0.000165055
634	-0.000161161
635	-0.000157155
636	-0.000153022
637	-0.000148788
638	-0.000144491
639	-0.000140127
640	-0.000135696
641	-0.000131241
642	-0.000126788
643	-0.000122326
644	-0.000117881
645	-0.000113497
646	-0.000109182
647	-0.000104939
648	-0.000100811
649	-9.68325e-05
650	-9.29992e-05
651	-8.93389e-05
652	-8.59012e-05
653	-8.26953e-05
654	-7.97298e-05
655	-7.7055e-05
656	-7.47003e-05
657	-7.26656e-05
658	-7.09882e-05
659	-6.97144e-05
660	-6.88478e-05
661	-6.84081e-05
662	-6.84478e-05
663	-6.89826e-05
664	-7.0018e-05
665	-7.16015e-05
666	-7.37628e-05
667	-7.64999e-05
668	-7.98479e-05
669	-8.38467e-05
670	-8.84939e-05
671	-9.38092e-05
672	-9.98363e-05
673	-0.000106577
674	-0.000114035
675	-0.000122253
676	-0.000131237
677	-0.000140981
678	-0.000151516
679	-0.000162854
680	-0.00017498
681	-0.000187914
682	-0.00020167
683	-0.000216224
684	-0.000231586
685	-0.000247768
686	-0.00026474
687	-0.000282498
688	-0.000301051
689	-0.000320364
690	-0.000340419
691	-0.00036122
692	-0.000382724
693	-0.000404904
694	-0.000427755
695	-0.000451228
696	-0.000475283
697	-0.000499906
698	-0.000525042
699	-0.000550641
700	-0.000576678
701	-0.000603091
702	-0.000629819
703	-0.00065683
704	-0.00068405
705	-0.000711412
706	-0.000738873
707	-0.000766351
708	-0.00079377
709	-0.000821081
710	-0.00084819
711	-0.000875018
712	-0.000901504
713	-0.000927548
714	-0.000953066
715	-0.000977991
716	-0.00100221
717	-0.00102565
718	-0.00104822
719	-0.00106982
720	-0.00109035
721	-0.00110974
722	-0.00112787
723	-0.00114466
724	-0.00116002
725	-0.00117383
726	-0.00118601
727	-0.00119648
728	-0.00120512
729	-0.00121186
730	-0.0012166
731	-0.00121925
732	-0.00121973
733	-0.00121795
734	-0.00121382
735	-0.00120729
736	-0.00119827
737	-0.00118668
738	-0.00117247
739	-0.00115557
740	-0.00113593
741	-0.00111349
742	-0.0010882
743	-0.00106005
744	-0.00102897
745	-0.00099495
746	-0.000957977
747	-0.000918024
748	-0.000875092
749	-0.000829194
750	-0.000780321
751	-0.000728511
752	-0.000673789
753	-0.00061618
754	-0.000555753
755	-0.000492549
756	-0.000426635
757	-0.000358102
758	-0.000287018
759	-0.000213493
760	-0.000137636
761	-5.95506e-05
762	2.06144e-05
763	0.000102731
764	0.000186651
765	0.000272198
766	0.000359218
767	0.000447515
768	0.000536896
769	0.000627169
770	0.0007181
771	0.000809478
772	0.000901068
773	0.000992612
774	0.00108388
775	0.00117458
776	0.00126446
777	0.00135323
778	0.00144061
779	0.0015263
780	0.00161
781	0.00169139
782	0.00177018
783	0.00184603
784	0.00191862
785	0.00198763
786	0.00205272
787	0.00211357
788	0.00216983
789	0.00222119
790	0.0022673
791	0.00230783
792	0.00234246
793	0.00237085
794	0.0023927
795	0.00240768
796	0.00241549
797	0.00241583
798	0.0024084
799	0.00239293
800	0.00236915
801	0.00233679
802	0.00229563
803	0.00224543
804	0.00218597
805	0.00211708
806	0.00203856
807	0.00195027
808	0.00185207
809	0.00174385
810	0.00162554
811	0.00149705
812	0.00135836
813	0.00120945
814	0.00105035
815	0.000881106
816	0.000701788
817	0.000512519
818	0.000313428
819	0.000104698
820	-0.000113462
821	-0.000340815
822	-0.000577069
823	-0.000821923
824	-0.00107501
825	-0.00133596
826	-0.00160433
827	-0.00187966
828	-0.00216146
829	-0.00244916
830	-0.00274222
831	-0.00303999
832	-0.00334184
833	-0.00364707
834	-0.00395494
835	-0.00426471
836	-0.00457556
837	-0.00488666
838	-0.00519714
839	-0.00550609
840	-0.0058126
841	-0.00611567
842	-0.00641434
843	-0.00670757
844	-0.00699432
845	-0.00727353
846	-0.00754408
847	-0.00780489
848	-0.00805481
849	-0.00829272
850	-0.00851745
851	-0.00872783
852	-0.00892271
853	-0.0091009
854	-0.00926123
855	-0.00940254
856	-0.00952365
857	-0.00962343
858	-0.00970071
859	-0.00975438
860	-0.00978334
861	-0.00978651
862	-0.00976284
863	-0.00971132
864	-0.00963096
865	-0.00952084
866	-0.00938005
867	-0.00920776
868	-0.00900318
869	-0.00876557
870	-0.00849428
871	-0.00818871
872	-0.00784832
873	-0.00747266
874	-0.00706137
875	-0.00661416
876	-0.00613082
877	-0.00561126
878	-0.00505545
879	-0.0044635
880	-0.0038356
881	-0.00317204
882	-0.00247325
883	-0.00173975
884	-0.000972183
885	-0.000171317
886	0.000661955
887	0.00152663
888	0.00242155
889	0.00334546
890	0.00429695
891	0.00527449
892	0.00627642
893	0.00730092
894	0.00834607
895	0.00940979
896	0.0104899
897	0.011584
898	0.0126897
899	0.0138044
900	0.0149253
901	0.0160497
902	0.0171744
903	0.0182965
904	0.0194127
905	0.0205197
906	0.0216141
907	0.0226923
908	0.0237508
909	0.0247858
910	0.0257936
911	0.0267702
912	0.0277118
913	0.0286144
914	0.0294738
915	0.0302861
916	0.0310472
917	0.0317528
918	0.032399
919	0.0329814
920	0.033496
921	0.0339388
922	0.0343056
923	0.0345924
924	0.0347953
925	0.0349105
926	0.034934
927	0.0348624
928	0.0346919
929	0.0344192
930	0.0340411
931	0.0335543
932	0.032956
933	0.0322435
934	0.0314141
935	0.0304657
936	0.0293961
937	0.0282036
938	0.0268865
939	0.0254437
940	0.0238742
941	0.0221774
942	0.0203529
943	0.0184009
944	0.0163216
945	0.0141158
946	0.0117848
947	0.00932998
948	0.00675334
949	0.00405724
950	0.00124446
951	-0.00168179
952	-0.00471783
953	-0.00785955
954	-0.0111024
955	-0.0144413
956	-0.0178708
957	-0.0213849
958	-0.0249772
959	-0.0286407
960	-0.0323681
961	-0.0361516
962	-0.0399827
963	-0.0438527
964	-0.0477523
965	-0.0516719
966	-0.0556014
967	-0.0595301
968	-0.0634471
969	-0.0673411
970	-0.0712002
971	-0.0750123
972	-0.0787649
973	-0.0824453
974	-0.0860402
975	-0.0895363
976	-0.09292
977	-0.0961773
978	-0.0992942
979	-0.102256
980	-0.105049
981	-0.107659
982	-0.11007
983	-0.112269
984	-0.11424
985	-0.11597
986	-0.117443
987	-0.118646
988	-0.119565
989	-0.120185
990	-0.120493
991	-0.120476
992	-0.120121
993	-0.119415
994	-0.118347
995	-0.116906
996	-0.115079
997	-0.112858
998	-0.110233
999	-0.107194
