0	0.481754
1	0.514659
2	0.552232
3	0.588725
4	0.62404
5	0.658145
6	0.690921
7	0.722368
8	0.752342
9	0.780877
10	0.807805
11	0.833187
12	0.856832
13	0.878825
14	0.898949
15	0.917303
16	0.933643
17	0.948077
18	0.960332
19	0.970526
20	0.978368
21	0.983996
22	0.98713
23	0.987946
24	0.986211
25	0.982148
26	0.97559
27	0.966789
28	0.955626
29	0.942323
30	0.926781
31	0.909147
32	0.889346
33	0.867456
34	0.843487
35	0.817474
36	0.789551
37	0.759695
38	0.728141
39	0.694752
40	0.659845
41	0.623165
42	0.585142
43	0.545448
44	0.504639
45	0.462314
46	0.419101
47	0.374513
48	0.329216
49	0.282705
50	0.235673
51	0.187654
52	0.139299
53	0.0901996
54	0.0408903
55	-0.00890232
56	-0.0587887
57	-0.108841
58	-0.15888
59	-0.208765
60	-0.258566
61	-0.307895
62	-0.357054
63	-0.405416
64	-0.453504
65	-0.500521
66	-0.547143
67	-0.592466
68	-0.637207
69	-0.680482
70	-0.722942
71	-0.76386
72	-0.803675
73	-0.841923
74	-0.878732
75	-0.914013
76	-0.947518
77	-0.979549
78	-1.00948
79	-1.03797
80	-1.06412
81	-1.0888
82	-1.11099
83	-1.13161
84	-1.14971
85	-1.16604
86	-1.17996
87	-1.19182
88	-1.20146
89	-1.20873
90	-1.21402
91	-1.21666
92	-1.21751
93	-1.21554
94	-1.21186
95	-1.20537
96	-1.19711
97	-1.18623
98	-1.17336
99	-1.15822
100	-1.14082
101	-1.12155
102	-1.09976
103	-1.07644
104	-1.05051
105	-1.02323
106	-0.993468
107	-0.962329
108	-0.929064
109	-0.894216
110	-0.857768
111	-0.819461
112	-0.780087
113	-0.738686
114	-0.696588
115	-0.652546
116	-0.607906
117	-0.561713
118	-0.514751
119	-0.466855
120	-0.417898
121	-0.368659
122	-0.318161
123	-0.267836
124	-0.21636
125	-0.165157
126	-0.113282
127	-0.0614534
128	-0.00968281
129	0.0423916
130	0.0937099
131	0.145492
132	0.196141
133	0.247009
134	0.296816
135	0.346179
136	0.394876
137	0.44232
138	0.489457
139	0.534767
140	0.579748
141	0.622838
142	0.66505
143	0.705782
144	0.744796
145	0.782834
146	0.818477
147	0.853289
148	0.885588
149	0.916586
150	0.945543
151	0.972347
152	0.997734
153	1.02028
154	1.04163
155	1.06009
156	1.07688
157	1.09139
158	1.10336
159	1.11376
160	1.12102
161	1.12691
162	1.12981
163	1.13076
164	1.12953
165	1.12546
166	1.11998
167	1.11127
168	1.10112
169	1.08828
170	1.07322
171	1.05649
172	1.03675
173	1.01592
174	0.992154
175	0.966875
176	0.939652
177	0.909992
178	0.879382
179	0.845967
180	0.811677
181	0.775312
182	0.737226
183	0.698307
184	0.656955
185	0.615285
186	0.571625
187	0.52698
188	0.481655
189	0.434448
190	0.387414
191	0.338647
192	0.289621
193	0.24015
194	0.189402
195	0.139324
196	0.0878836
197	0.0368444
198	-0.0142777
199	-0.0660997
200	-0.116748
201	-0.1683
202	-0.218876
203	-0.269084
204	-0.319464
205	-0.368159
206	-0.417284
207	-0.464933
208	-0.511694
209	-0.558212
210	-0.602513
211	-0.64678
212	-0.689207
213	-0.730141
214	-0.770561
215	-0.808272
216	-0.845461
217	-0.880639
218	-0.913668
219	-0.946018
220	-0.975304
221	-1.00352
222	-1.02978
223	-1.05324
224	-1.07591
225	-1.09538
226	-1.11317
227	-1.12924
228	-1.14199
229	-1.15379
230	-1.16258
231	-1.16898
232	-1.17408
233	-1.17557
234	-1.17577
235	-1.17355
236	-1.16824
237	-1.16199
238	-1.15234
239	-1.14077
240	-1.12767
241	-1.11105
242	-1.0935
243	-1.0734
244	-1.05058
245	-1.02705
246	-1.00025
247	-0.971943
248	-0.942202
249	-0.908124
250	-0.870048
251	-0.830612
252	-0.793339
253	-0.757685
254	-0.720506
255	-0.683081
256	-0.645989
257	-0.607502
258	-0.569688
259	-0.531825
260	-0.493262
261	-0.455847
262	-0.418133
263	-0.380545
264	-0.344189
265	-0.30754
266	-0.271747
267	-0.237043
268	-0.202289
269	-0.168902
270	-0.136398
271	-0.104229
272	-0.0736967
273	-0.0438829
274	-0.0148217
275	0.0125337
276	0.0392476
277	0.0648423
278	0.0887946
279	0.112101
280	0.134017
281	0.154425
282	0.174128
283	0.19228
284	0.209081
285	0.225099
286	0.239502
287	0.252711
288	0.265065
289	0.275821
290	0.285526
291	0.294331
292	0.301608
293	0.307967
294	0.313412
295	0.317438
296	0.320666
297	0.323004
298	0.324052
299	0.324415
300	0.323945
301	0.322323
302	0.320125
303	0.317178
304	0.31322
305	0.308794
306	0.303722
307	0.297779
308	0.291472
309	0.284638
310	0.277067
311	0.269232
312	0.260999
313	0.252157
314	0.243143
315	0.233866
316	0.2241
317	0.214246
318	0.204263
319	0.193907
320	0.183532
321	0.173159
322	0.162523
323	0.151924
324	0.141448
325	0.13082
326	0.120266
327	0.109942
328	0.0995782
329	0.0893118
330	0.0793592
331	0.0694803
332	0.0597136
333	0.0503157
334	0.0411063
335	0.032022
336	0.0233274
337	0.0149308
338	0.00668085
339	-0.00119274
340	-0.00867538
341	-0.0159716
342	-0.0229323
343	-0.0294406
344	-0.0357003
345	-0.0416772
346	-0.0471856
347	-0.0523675
348	-0.0573083
349	-0.0618159
350	-0.0659229
351	-0.0697975
352	-0.0733151
353	-0.0763907
354	-0.0792005
355	-0.0817407
356	-0.0838554
357	-0.0856443
358	-0.0872222
359	-0.0884521
360	-0.0893087
361	-0.0899562
362	-0.0903628
363	-0.0904061
364	-0.0901937
365	-0.0898209
366	-0.0891672
367	-0.0882146
368	-0.0871118
369	-0.0858444
370	-0.0842994
371	-0.0825577
372	-0.0807264
373	-0.0787172
374	-0.076481
375	-0.0741445
376	-0.071743
377	-0.0691691
378	-0.066443
379	-0.0636884
380	-0.0608791
381	-0.0579254
382	-0.0548955
383	-0.051885
384	-0.0488312
385	-0.0456741
386	-0.0425052
387	-0.0393887
388	-0.0362461
389	-0.0330433
390	-0.0298782
391	-0.0267911
392	-0.0236998
393	-0.0205861
394	-0.0175453
395	-0.0146048
396	-0.0116844
397	-0.00877022
398	-0.0059513
399	-0.00325326
400	-0.000600202
401	0.00202779
402	0.00455026
403	0.00693399
404	0.00924734
405	0.0115244
406	0.013698
407	0.0157209
408	0.0176467
409	0.0195278
410	0.0213195
411	0.0229596
412	0.0244758
413	0.0259344
414	0.0273253
415	0.0285813
416	0.0296929
417	0.0307233
418	0.0317036
419	0.0325853
420	0.0333219
421	0.0339456
422	0.0345164
423	0.0350315
424	0.0354343
425	0.0357048
426	0.0358923
427	0.0360437
428	0.0361392
429	0.0361266
430	0.0360002
431	0.0358116
432	0.0356007
433	0.0353459
434	0.0349992
435	0.0345543
436	0.0340578
437	0.0335519
438	0.0330256
439	0.032434
440	0.0317578
441	0.0310295
442	0.0302974
443	0.0295728
444	0.0288225
445	0.0280101
446	0.0271392
447	0.0262513
448	0.0253844
449	0.0245374
450	0.0236753
451	0.0227673
452	0.0218183
453	0.0208653
454	0.0199452
455	0.0190646
456	0.0181973
457	0.0173092
458	0.0163879
459	0.0154525
460	0.0145398
461	0.0136777
462	0.0128675
463	0.0120853
464	0.0112998
465	0.010493
466	0.0096711
467	0.00886001
468	0.00809105
469	0.00738488
470	0.00674259
471	0.00614694
472	0.00557139
473	0.00499173
474	0.00439512
475	0.00378367
476	0.00317241
477	0.00258371
478	0.00204068
479	0.00156183
480	0.00115803
481	0.00083197
482	0.000579399
483	0.000391365
484	0.000256572
485	0.000163368
486	0.000101103
487	6.08578e-05
488	3.56549e-05
489	2.03452e-05
490	1.13141e-05
491	6.13562e-06
492	3.24653e-06
493	1.67702e-06
494	8.4613e-07
495	4.17177e-07
496	2.01087e-07
497	9.48004e-08
498	4.37283e-08
499	1.97404e-08
500	8.71938e-09
501	3.75805e-09
502	1.55547e-09
503	5.62893e-10
504	5.28716e-11
505	-3.42289e-10
506	-8.65376e-10
507	-1.77042e-09
508	-3.42905e-09
509	-6.44699e-09
510	-1.18168e-08
511	-2.11244e-08
512	-3.68173e-08
513	-6.25283e-08
514	-1.03422e-07
515	-1.66495e-07
516	-2.60729e-07
517	-3.96947e-07
518	-5.87221e-07
519	-8.43723e-07
520	-1.17703e-06
521	-1.59408e-06
522	-2.09623e-06
523	-2.67806e-06
524	-3.32772e-06
525	-4.02919e-06
526	-4.76647e-06
527	-5.52886e-06
528	-6.31536e-06
529	-7.13652e-06
530	-8.01188e-06
531	-8.96335e-06
532	-1.00066e-05
533	-1.1144e-05
534	-1.23639e-05
535	-1.36463e-05
536	-1.49743e-05
537	-1.63445e-05
538	-1.77701e-05
539	-1.92738e-05
540	-2.0874e-05
541	-2.25726e-05
542	-2.43537e-05
543	-2.61951e-05
544	-2.80851e-05
545	-3.00319e-05
546	-3.20575e-05
547	-3.41797e-05
548	-3.63964e-05
549	-3.86868e-05
550	-4.10292e-05
551	-4.34205e-05
552	-4.58781e-05
553	-4.84224e-05
554	-5.10548e-05
555	-5.37547e-05
556	-5.64987e-05
557	-5.92834e-05
558	-6.21269e-05
559	-6.50462e-05
560	-6.80349e-05
561	-7.10674e-05
562	-7.41248e-05
563	-7.72143e-05
564	-8.03558e-05
565	-8.35532e-05
566	-8.67842e-05
567	-9.00238e-05
568	-9.3271e-05
569	-9.65447e-05
570	-9.98518e-05
571	-0.000103171
572	-0.000106477
573	-0.000109765
574	-0.000113054
575	-0.00011635
576	-0.000119627
577	-0.00012286
578	-0.000126053
579	-0.000129221
580	-0.000132362
581	-0.000135447
582	-0.000138458
583	-0.000141405
584	-0.000144301
585	-0.000147129
586	-0.00014986
587	-0.000152492
588	-0.00015504
589	-0.000157503
590	-0.000159852
591	-0.000162071
592	-0.000164175
593	-0.000166171
594	-0.000168038
595	-0.000169752
596	-0.000171322
597	-0.000172762
598	-0.000174057
599	-0.000175182
600	-0.00017614
601	-0.00017695
602	-0.000177602
603	-0.000178069
604	-0.000178356
605	-0.000178482
606	-0.00017844
607	-0.000178207
608	-0.000177786
609	-0.0001772
610	-0.000176443
611	-0.000175493
612	-0.00017436
613	-0.000173066
614	-0.000171605
615	-0.000169959
616	-0.000168145
617	-0.000166184
618	-0.000164067
619	-0.000161784
620	-0.000159359
621	-0.000156812
622	-0.00015413
623	-0.000151314
624	-0.000148395
625	-0.000145384
626	-0.000142272
627	-0.000139072
628	-0.000135818
629	-0.000132512
630	-0.000129151
631	-0.000125764
632	-0.000122379
633	-0.00011899
634	-0.000115609
635	-0.000112275
636	-0.000109001
637	-0.000105784
638	-0.000102657
639	-9.96509e-05
640	-9.67682e-05
641	-9.40221e-05
642	-9.14543e-05
643	-8.90813e-05
644	-8.69047e-05
645	-8.49595e-05
646	-8.32791e-05
647	-8.18654e-05
648	-8.07383e-05
649	-7.99404e-05
650	-7.94833e-05
651	-7.9374e-05
652	-7.96523e-05
653	-8.03437e-05
654	-8.14483e-05
655	-8.29958e-05
656	-8.50216e-05
657	-8.75273e-05
658	-9.05289e-05
659	-9.40652e-05
660	-9.81443e-05
661	-0.00010277
662	-0.000107977
663	-0.000113782
664	-0.000120179
665	-0.000127195
666	-0.000134852
667	-0.000143139
668	-0.000152073
669	-0.000161676
670	-0.000171938
671	-0.00018286
672	-0.000194466
673	-0.000206743
674	-0.000219682
675	-0.000233302
676	-0.000247589
677	-0.000262524
678	-0.000278117
679	-0.000294355
680	-0.000311208
681	-0.000328678
682	-0.000346749
683	-0.000365382
684	-0.000384571
685	-0.000404295
686	-0.000424508
687	-0.000445192
688	-0.000466323
689	-0.000487846
690	-0.000509735
691	-0.000531958
692	-0.000554454
693	-0.000577188
694	-0.000600121
695	-0.000623185
696	-0.000646337
697	-0.000669531
698	-0.000692691
699	-0.000715769
700	-0.00073871
701	-0.000761433
702	-0.000783884
703	-0.000806001
704	-0.000827697
705	-0.000848915
706	-0.000869585
707	-0.000889616
708	-0.000908949
709	-0.000927507
710	-0.000945199
711	-0.000961963
712	-0.000977716
713	-0.000992369
714	-0.00100586
715	-0.0010181
716	-0.001029
717	-0.00103851
718	-0.00104653
719	-0.00105298
720	-0.00105781
721	-0.00106093
722	-0.00106226
723	-0.00106174
724	-0.0010593
725	-0.00105488
726	-0.00104841
727	-0.00103984
728	-0.0010291
729	-0.00101616
730	-0.00100094
731	-0.000983426
732	-0.000963566
733	-0.000941321
734	-0.000916676
735	-0.000889594
736	-0.000860059
737	-0.000828069
738	-0.000793603
739	-0.000756672
740	-0.000717285
741	-0.000675443
742	-0.000631184
743	-0.00058453
744	-0.000535511
745	-0.000484187
746	-0.000430597
747	-0.000374807
748	-0.000316893
749	-0.00025692
750	-0.000194985
751	-0.000131183
752	-6.56082e-05
753	1.61077e-06
754	7.03634e-05
755	0.000140518
756	0.000211923
757	0.000284445
758	0.000357916
759	0.00043217
760	0.00050704
761	0.000582329
762	0.000657856
763	0.000733418
764	0.0008088
765	0.000883799
766	0.000958181
767	0.00103172
768	0.00110418
769	0.00117532
770	0.00124489
771	0.00131263
772	0.00137828
773	0.0014416
774	0.00150229
775	0.00156011
776	0.00161477
777	0.001666
778	0.00171352
779	0.00175706
780	0.00179635
781	0.0018311
782	0.00186105
783	0.00188593
784	0.00190546
785	0.00191939
786	0.00192747
787	0.00192943
788	0.00192505
789	0.00191408
790	0.00189629
791	0.00187149
792	0.00183944
793	0.00179998
794	0.00175292
795	0.00169809
796	0.00163535
797	0.00156455
798	0.0014856
799	0.00139839
800	0.00130283
801	0.00119889
802	0.00108651
803	0.000965685
804	0.000836424
805	0.000698756
806	0.000552748
807	0.000398471
808	0.000236047
809	6.56063e-05
810	-0.000112687
811	-0.00029863
812	-0.000492013
813	-0.000692572
814	-0.00090003
815	-0.00111407
816	-0.00133435
817	-0.0015605
818	-0.0017921
819	-0.00202873
820	-0.0022699
821	-0.00251512
822	-0.00276386
823	-0.00301554
824	-0.00326959
825	-0.00352536
826	-0.00378221
827	-0.00403946
828	-0.00429639
829	-0.00455226
830	-0.00480631
831	-0.00505774
832	-0.00530574
833	-0.00554947
834	-0.00578808
835	-0.00602067
836	-0.00624635
837	-0.00646421
838	-0.00667331
839	-0.00687272
840	-0.00706148
841	-0.00723863
842	-0.0074032
843	-0.00755422
844	-0.00769072
845	-0.00781173
846	-0.00791628
847	-0.00800342
848	-0.0080722
849	-0.00812167
850	-0.00815094
851	-0.00815909
852	-0.00814525
853	-0.00810858
854	-0.00804825
855	-0.00796348
856	-0.00785352
857	-0.00771766
858	-0.00755523
859	-0.00736562
860	-0.00714826
861	-0.00690264
862	-0.00662831
863	-0.00632486
864	-0.00599199
865	-0.00562942
866	-0.00523698
867	-0.00481454
868	-0.00436209
869	-0.00387968
870	-0.00336743
871	-0.00282558
872	-0.00225444
873	-0.00165442
874	-0.00102603
875	-0.000369871
876	0.000313346
877	0.00102282
878	0.00175762
879	0.00251674
880	0.00329904
881	0.00410328
882	0.00492812
883	0.0057721
884	0.00663365
885	0.00751107
886	0.00840259
887	0.0093063
888	0.0102202
889	0.0111421
890	0.0120699
891	0.0130012
892	0.0139335
893	0.0148643
894	0.0157911
895	0.0167111
896	0.0176214
897	0.0185192
898	0.0194015
899	0.0202653
900	0.0211073
901	0.0219246
902	0.0227137
903	0.0234715
904	0.0241946
905	0.0248796
906	0.0255231
907	0.0261217
908	0.0266721
909	0.0271707
910	0.0276141
911	0.027999
912	0.0283219
913	0.0285796
914	0.0287687
915	0.0288861
916	0.0289285
917	0.028893
918	0.0287765
919	0.0285761
920	0.0282892
921	0.0279131
922	0.0274454
923	0.0268836
924	0.0262258
925	0.0254699
926	0.0246142
927	0.023657
928	0.0225972
929	0.0214335
930	0.0201651
931	0.0187914
932	0.0173121
933	0.0157272
934	0.0140367
935	0.0122414
936	0.0103421
937	0.00833991
938	0.00623637
939	0.00403335
940	0.00173304
941	-0.000661987
942	-0.00314881
943	-0.00572412
944	-0.00838424
945	-0.0111251
946	-0.0139423
947	-0.016831
948	-0.019786
949	-0.0228015
950	-0.0258718
951	-0.0289902
952	-0.0321502
953	-0.0353444
954	-0.0385654
955	-0.0418052
956	-0.0450556
957	-0.0483079
958	-0.0515531
959	-0.0547819
960	-0.0579846
961	-0.0611513
962	-0.0642717
963	-0.0673352
964	-0.0703312
965	-0.0732485
966	-0.076076
967	-0.0788021
968	-0.0814152
969	-0.0839036
970	-0.0862554
971	-0.0884587
972	-0.0905013
973	-0.0923712
974	-0.0940564
975	-0.0955449
976	-0.0968246
977	-0.0978837
978	-0.0987106
979	-0.0992936
980	-0.0996216
981	-0.0996834
982	-0.0994683
983	-0.098966
984	-0.0981664
985	-0.09706
986	-0.0956376
987	-0.0938908
988	-0.0918114
989	-0.089392
990	-0.086626
991	-0.0835073
992	-0.0800305
993	-0.076191
994	-0.0719853
995	-0.0674105
996	-0.0624647
997	-0.0571468
998	-0.0514571
999	-0.0453964
