0	0.0314108
1	0.069161
2	0.113328
3	0.157227
4	0.200741
5	0.243761
6	0.286157
7	0.327805
8	0.368557
9	0.408284
10	0.44683
11	0.484083
12	0.519901
13	0.554219
14	0.586931
15	0.618038
16	0.647462
17	0.675257
18	0.701331
19	0.725752
20	0.748372
21	0.769258
22	0.788207
23	0.805324
24	0.820391
25	0.833596
26	0.844712
27	0.853994
28	0.861166
29	0.866511
30	0.869684
31	0.871013
32	0.870132
33	0.86744
34	0.862563
35	0.855939
36	0.847159
37	0.836662
38	0.824032
39	0.809723
40	0.793365
41	0.775398
42	0.755496
43	0.73403
44	0.710741
45	0.685924
46	0.659449
47	0.631507
48	0.602101
49	0.571265
50	0.539157
51	0.505663
52	0.471126
53	0.43527
54	0.398599
55	0.360675
56	0.322146
57	0.28247
58	0.2424
59	0.201324
60	0.16002
61	0.117884
62	0.075657
63	0.0328347
64	-0.00998143
65	-0.0531246
66	-0.0962111
67	-0.139313
68	-0.182324
69	-0.225022
70	-0.267614
71	-0.309574
72	-0.351392
73	-0.392284
74	-0.432962
75	-0.472491
76	-0.511671
77	-0.549551
78	-0.58687
79	-0.622837
80	-0.657959
81	-0.691757
82	-0.724366
83	-0.755737
84	-0.785566
85	-0.814252
86	-0.841075
87	-0.86681
88	-0.890454
89	-0.912977
90	-0.93331
91	-0.952369
92	-0.969289
93	-0.984671
94	-0.998089
95	-1.00963
96	-1.01945
97	-1.02706
98	-1.03318
99	-1.03684
100	-1.03912
101	-1.03888
102	-1.03723
103	-1.03318
104	-1.0275
105	-1.01974
106	-1.01004
107	-0.998647
108	-0.984996
109	-0.970009
110	-0.952594
111	-0.934026
112	-0.913099
113	-0.890963
114	-0.866807
115	-0.84118
116	-0.814039
117	-0.785099
118	-0.755161
119	-0.723206
120	-0.690584
121	-0.65601
122	-0.620802
123	-0.58403
124	-0.546379
125	-0.507785
126	-0.467958
127	-0.427803
128	-0.38621
129	-0.344661
130	-0.301812
131	-0.258992
132	-0.215405
133	-0.171518
134	-0.127596
135	-0.0829998
136	-0.0389934
137	0.00579507
138	0.0497648
139	0.0941534
140	0.137956
141	0.181445
142	0.224806
143	0.267083
144	0.309531
145	0.350489
146	0.391415
147	0.431006
148	0.469869
149	0.507915
150	0.544392
151	0.580486
152	0.61452
153	0.648069
154	0.67972
155	0.710192
156	0.739372
157	0.766506
158	0.792862
159	0.816706
160	0.839679
161	0.860418
162	0.879529
163	0.897153
164	0.912287
165	0.926449
166	0.937828
167	0.948014
168	0.955935
169	0.961797
170	0.966272
171	0.967922
172	0.968565
173	0.966447
174	0.962812
175	0.957265
176	0.949266
177	0.94021
178	0.928261
179	0.915273
180	0.89998
181	0.88279
182	0.864396
183	0.843319
184	0.82154
185	0.797302
186	0.771786
187	0.744921
188	0.715818
189	0.686273
190	0.654334
191	0.621719
192	0.587734
193	0.552044
194	0.516167
195	0.478152
196	0.44
197	0.400606
198	0.360078
199	0.319637
200	0.277434
201	0.235607
202	0.192781
203	0.149372
204	0.106402
205	0.0620714
206	0.0186183
207	-0.0254795
208	-0.0696942
209	-0.113022
210	-0.15731
211	-0.200272
212	-0.243415
213	-0.286313
214	-0.327821
215	-0.369896
216	-0.410269
217	-0.450286
218	-0.489805
219	-0.527408
220	-0.565206
221	-0.601026
222	-0.635891
223	-0.670138
224	-0.701954
225	-0.733593
226	-0.763151
227	-0.791079
228	-0.818402
229	-0.84288
230	-0.866732
231	-0.888651
232	-0.908218
233	-0.927245
234	-0.943265
235	-0.958046
236	-0.971305
237	-0.981574
238	-0.991248
239	-0.998163
240	-1.00305
241	-1.00697
242	-1.00757
243	-1.00722
244	-1.00482
245	-0.999587
246	-0.993775
247	-0.98491
248	-0.974135
249	-0.961048
250	-0.94076
251	-0.919891
252	-0.900964
253	-0.880834
254	-0.860501
255	-0.837755
256	-0.813833
257	-0.789333
258	-0.762654
259	-0.735738
260	-0.707871
261	-0.678543
262	-0.649447
263	-0.619189
264	-0.588344
265	-0.5578
266	-0.526191
267	-0.494761
268	-0.463495
269	-0.431537
270	-0.400274
271	-0.369022
272	-0.3376
273	-0.307126
274	-0.276607
275	-0.246453
276	-0.217301
277	-0.188178
278	-0.159867
279	-0.132503
280	-0.105346
281	-0.0793155
282	-0.054141
283	-0.0294045
284	-0.00597463
285	0.0166807
286	0.0386629
287	0.0592692
288	0.0791548
289	0.0981651
290	0.11581
291	0.13276
292	0.148686
293	0.163306
294	0.177242
295	0.19006
296	0.201663
297	0.212585
298	0.222354
299	0.231008
300	0.238992
301	0.245831
302	0.251663
303	0.256848
304	0.260933
305	0.264118
306	0.266694
307	0.268243
308	0.268996
309	0.269198
310	0.268461
311	0.267032
312	0.265121
313	0.262376
314	0.259035
315	0.255296
316	0.250832
317	0.245867
318	0.240593
319	0.234711
320	0.228413
321	0.221902
322	0.2149
323	0.207561
324	0.200105
325	0.192276
326	0.184181
327	0.176058
328	0.167682
329	0.159104
330	0.150577
331	0.141916
332	0.133111
333	0.124421
334	0.115713
335	0.106914
336	0.0982784
337	0.0897352
338	0.0811567
339	0.0727663
340	0.0645686
341	0.0563959
342	0.0484179
343	0.0407143
344	0.0331048
345	0.025682
346	0.0185888
347	0.0116678
348	0.00492047
349	-0.00147554
350	-0.007618
351	-0.0135917
352	-0.019228
353	-0.0245385
354	-0.0296651
355	-0.0344967
356	-0.0389566
357	-0.0431923
358	-0.047186
359	-0.0508038
360	-0.0541404
361	-0.0572738
362	-0.0600733
363	-0.0625403
364	-0.064808
365	-0.0668143
366	-0.0684729
367	-0.0698988
368	-0.0711324
369	-0.0720573
370	-0.0727042
371	-0.073188
372	-0.0734453
373	-0.0734102
374	-0.0731907
375	-0.0728256
376	-0.0722147
377	-0.0713796
378	-0.0704298
379	-0.0693257
380	-0.0679962
381	-0.0665251
382	-0.0649754
383	-0.0632673
384	-0.0613854
385	-0.0594324
386	-0.0574162
387	-0.0552556
388	-0.052984
389	-0.0506924
390	-0.0483476
391	-0.0458878
392	-0.0433766
393	-0.0408803
394	-0.038344
395	-0.0357293
396	-0.0331119
397	-0.0305355
398	-0.0279367
399	-0.025295
400	-0.022688
401	-0.0201434
402	-0.0175972
403	-0.0150378
404	-0.0125396
405	-0.0101232
406	-0.00772692
407	-0.00533946
408	-0.00302974
409	-0.000819677
410	0.00134876
411	0.00349384
412	0.00555429
413	0.00750039
414	0.00938301
415	0.0112331
416	0.0130016
417	0.014647
418	0.0162066
419	0.0177253
420	0.0191746
421	0.0205027
422	0.0217236
423	0.0228906
424	0.0240048
425	0.0250145
426	0.0259034
427	0.026717
428	0.027488
429	0.0281856
430	0.028768
431	0.0292502
432	0.0296817
433	0.0300713
434	0.0303778
435	0.0305758
436	0.030696
437	0.0307815
438	0.0308282
439	0.0307955
440	0.0306674
441	0.0304779
442	0.0302657
443	0.0300257
444	0.0297204
445	0.0293334
446	0.0288932
447	0.0284393
448	0.0279756
449	0.0274701
450	0.0268979
451	0.0262738
452	0.0256367
453	0.0250075
454	0.0243688
455	0.0236887
456	0.0229579
457	0.0222018
458	0.0214553
459	0.0207297
460	0.0200045
461	0.0192506
462	0.0184603
463	0.0176553
464	0.0168684
465	0.0161154
466	0.0153848
467	0.0146491
468	0.0138897
469	0.0131115
470	0.0123402
471	0.0116028
472	0.0109105
473	0.0102521
474	0.0096033
475	0.00894368
476	0.00826893
477	0.00759325
478	0.00694091
479	0.00633348
480	0.00577968
481	0.00527248
482	0.00479352
483	0.0043217
484	0.00384165
485	0.00334881
486	0.00285
487	0.00236036
488	0.0018983
489	0.00148076
490	0.0011197
491	0.000820719
492	0.000583288
493	0.000402136
494	0.000269106
495	0.000174913
496	0.000110502
497	6.78991e-05
498	4.0606e-05
499	2.36478e-05
500	1.34152e-05
501	7.40999e-06
502	3.97409e-06
503	2.04823e-06
504	9.78116e-07
505	3.71189e-07
506	-2.91507e-09
507	-2.77671e-07
508	-5.30282e-07
509	-8.05498e-07
510	-1.12863e-06
511	-1.51212e-06
512	-1.95873e-06
513	-2.46351e-06
514	-3.01613e-06
515	-3.60407e-06
516	-4.21675e-06
517	-4.84963e-06
518	-5.50683e-06
519	-6.2009e-06
520	-6.94914e-06
521	-7.76731e-06
522	-8.6632e-06
523	-9.63319e-06
524	-1.06641e-05
525	-1.17403e-05
526	-1.28528e-05
527	-1.40051e-05
528	-1.52126e-05
529	-1.64929e-05
530	-1.7856e-05
531	-1.92967e-05
532	-2.07991e-05
533	-2.23476e-05
534	-2.39395e-05
535	-2.5587e-05
536	-2.73081e-05
537	-2.91118e-05
538	-3.09897e-05
539	-3.29233e-05
540	-3.48997e-05
541	-3.69232e-05
542	-3.90106e-05
543	-4.11743e-05
544	-4.34087e-05
545	-4.56947e-05
546	-4.80174e-05
547	-5.03809e-05
548	-5.28015e-05
549	-5.52882e-05
550	-5.78299e-05
551	-6.04053e-05
552	-6.30052e-05
553	-6.564e-05
554	-6.83241e-05
555	-7.10546e-05
556	-7.38106e-05
557	-7.65759e-05
558	-7.93552e-05
559	-8.21635e-05
560	-8.50009e-05
561	-8.78472e-05
562	-9.0684e-05
563	-9.35143e-05
564	-9.63524e-05
565	-9.91968e-05
566	-0.000102026
567	-0.000104822
568	-0.000107592
569	-0.000110348
570	-0.000113083
571	-0.000115772
572	-0.000118404
573	-0.000120991
574	-0.00012354
575	-0.000126034
576	-0.000128451
577	-0.000130792
578	-0.000133069
579	-0.000135278
580	-0.000137395
581	-0.00013941
582	-0.000141334
583	-0.000143174
584	-0.000144908
585	-0.000146521
586	-0.000148019
587	-0.000149413
588	-0.000150691
589	-0.000151831
590	-0.000152838
591	-0.000153726
592	-0.000154485
593	-0.000155096
594	-0.000155562
595	-0.000155896
596	-0.000156096
597	-0.00015614
598	-0.000156033
599	-0.000155791
600	-0.00015541
601	-0.000154874
602	-0.000154187
603	-0.00015337
604	-0.000152417
605	-0.000151314
606	-0.000150072
607	-0.00014871
608	-0.000147223
609	-0.0001456
610	-0.000143859
611	-0.000142018
612	-0.000140069
613	-0.000138009
614	-0.000135863
615	-0.000133643
616	-0.000131341
617	-0.000128965
618	-0.000126542
619	-0.00012408
620	-0.000121572
621	-0.00011904
622	-0.000116508
623	-0.000113976
624	-0.000111448
625	-0.000108956
626	-0.000106514
627	-0.000104121
628	-0.000101797
629	-9.95711e-05
630	-9.74499e-05
631	-9.54387e-05
632	-9.35695e-05
633	-9.1863e-05
634	-9.03194e-05
635	-8.89605e-05
636	-8.78188e-05
637	-8.69005e-05
638	-8.62147e-05
639	-8.57954e-05
640	-8.56609e-05
641	-8.5813e-05
642	-8.62783e-05
643	-8.70854e-05
644	-8.8237e-05
645	-8.9748e-05
646	-9.16515e-05
647	-9.39565e-05
648	-9.66677e-05
649	-9.98152e-05
650	-0.000103416
651	-0.000107469
652	-0.000111996
653	-0.00011702
654	-0.000122537
655	-0.00012856
656	-0.000135114
657	-0.000142196
658	-0.000149808
659	-0.000157972
660	-0.00016669
661	-0.000175952
662	-0.000185777
663	-0.000196167
664	-0.000207107
665	-0.000218606
666	-0.000230667
667	-0.000243269
668	-0.000256413
669	-0.0002701
670	-0.000284305
671	-0.000299018
672	-0.000314238
673	-0.000329936
674	-0.000346092
675	-0.0003627
676	-0.000379728
677	-0.000397147
678	-0.000414945
679	-0.000433085
680	-0.000451531
681	-0.000470264
682	-0.000489242
683	-0.000508421
684	-0.000527777
685	-0.000547263
686	-0.000566826
687	-0.000586438
688	-0.000606045
689	-0.000625589
690	-0.000645036
691	-0.000664327
692	-0.000683399
693	-0.000702212
694	-0.000720701
695	-0.000738801
696	-0.000756467
697	-0.00077363
698	-0.000790222
699	-0.000806194
700	-0.000821473
701	-0.000835992
702	-0.000849697
703	-0.000862514
704	-0.000874375
705	-0.000885228
706	-0.000894994
707	-0.000903611
708	-0.000911024
709	-0.000917156
710	-0.000921951
711	-0.000925353
712	-0.000927288
713	-0.000927708
714	-0.000926559
715	-0.000923772
716	-0.000919309
717	-0.000913117
718	-0.000905139
719	-0.000895345
720	-0.000883687
721	-0.000870123
722	-0.000854631
723	-0.000837172
724	-0.000817721
725	-0.000796265
726	-0.000772776
727	-0.00074725
728	-0.000719683
729	-0.000690062
730	-0.000658404
731	-0.000624715
732	-0.000589005
733	-0.000551308
734	-0.000511644
735	-0.000470046
736	-0.000426568
737	-0.000381245
738	-0.000334138
739	-0.000285315
740	-0.000234834
741	-0.000182782
742	-0.00012924
743	-7.42935e-05
744	-1.80539e-05
745	3.93834e-05
746	9.79016e-05
747	0.000157373
748	0.000217681
749	0.00027868
750	0.000340228
751	0.000402184
752	0.000464377
753	0.000526655
754	0.000588843
755	0.00065076
756	0.000712234
757	0.000773066
758	0.000833065
759	0.000892037
760	0.000949766
761	0.00100605
762	0.00106069
763	0.00111344
764	0.0011641
765	0.00121244
766	0.00125824
767	0.00130127
768	0.0013413
769	0.00137811
770	0.00141147
771	0.00144114
772	0.00146691
773	0.00148855
774	0.00150583
775	0.00151855
776	0.00152648
777	0.00152942
778	0.00152717
779	0.00151952
780	0.0015063
781	0.00148731
782	0.0014624
783	0.00143139
784	0.00139414
785	0.0013505
786	0.00130035
787	0.00124358
788	0.00118009
789	0.00110978
790	0.0010326
791	0.000948487
792	0.000857413
793	0.000759353
794	0.000654313
795	0.000542318
796	0.000423403
797	0.000297639
798	0.000165104
799	2.59091e-05
800	-0.000119814
801	-0.000271918
802	-0.000430216
803	-0.000594514
804	-0.000764581
805	-0.000940163
806	-0.00112099
807	-0.00130674
808	-0.00149711
809	-0.00169173
810	-0.00189021
811	-0.00209215
812	-0.00229712
813	-0.00250467
814	-0.00271429
815	-0.00292548
816	-0.00313772
817	-0.00335042
818	-0.00356303
819	-0.00377492
820	-0.00398548
821	-0.00419405
822	-0.00439996
823	-0.00460252
824	-0.00480103
825	-0.00499476
826	-0.00518297
827	-0.0053649
828	-0.0055398
829	-0.00570688
830	-0.00586536
831	-0.00601444
832	-0.00615332
833	-0.0062812
834	-0.00639728
835	-0.00650074
836	-0.0065908
837	-0.00666666
838	-0.00672752
839	-0.00677261
840	-0.00680117
841	-0.00681245
842	-0.00680572
843	-0.00678026
844	-0.0067354
845	-0.00667047
846	-0.00658485
847	-0.00647795
848	-0.00634918
849	-0.00619805
850	-0.00602405
851	-0.00582677
852	-0.0056058
853	-0.00536081
854	-0.00509151
855	-0.00479768
856	-0.00447914
857	-0.00413578
858	-0.00376756
859	-0.0033745
860	-0.00295669
861	-0.00251431
862	-0.00204758
863	-0.00155684
864	-0.00104247
865	-0.000504947
866	5.51616e-05
867	0.000637208
868	0.00124046
869	0.00186411
870	0.00250722
871	0.00316882
872	0.0038478
873	0.00454298
874	0.0052531
875	0.00597677
876	0.00671255
877	0.00745888
878	0.00821413
879	0.00897656
880	0.00974436
881	0.0105156
882	0.0112883
883	0.0120604
884	0.0128298
885	0.0135942
886	0.0143512
887	0.0150986
888	0.0158339
889	0.0165546
890	0.017258
891	0.0179417
892	0.0186028
893	0.0192388
894	0.0198468
895	0.0204241
896	0.0209679
897	0.0214753
898	0.0219435
899	0.0223698
900	0.0227511
901	0.0230848
902	0.023368
903	0.0235979
904	0.0237719
905	0.0238872
906	0.0239412
907	0.0239314
908	0.0238552
909	0.0237103
910	0.0234944
911	0.0232053
912	0.0228408
913	0.0223991
914	0.0218782
915	0.0212767
916	0.0205929
917	0.0198255
918	0.0189734
919	0.0180355
920	0.0170112
921	0.0158998
922	0.014701
923	0.0134148
924	0.0120411
925	0.0105805
926	0.00903355
927	0.00740113
928	0.00568444
929	0.00388492
930	0.00200432
931	4.46786e-05
932	-0.00199167
933	-0.00410208
934	-0.00628359
935	-0.00853294
936	-0.0108465
937	-0.0132205
938	-0.0156505
939	-0.0181321
940	-0.0206604
941	-0.0232301
942	-0.0258358
943	-0.0284716
944	-0.0311313
945	-0.0338085
946	-0.0364964
947	-0.039188
948	-0.0418758
949	-0.0445522
950	-0.0472093
951	-0.0498389
952	-0.0524327
953	-0.0549819
954	-0.0574777
955	-0.0599109
956	-0.0622724
957	-0.0645527
958	-0.0667422
959	-0.0688313
960	-0.07081
961	-0.0726685
962	-0.0743969
963	-0.0759851
964	-0.0774232
965	-0.0787013
966	-0.0798093
967	-0.0807375
968	-0.0814761
969	-0.0820156
970	-0.0823464
971	-0.0824596
972	-0.082346
973	-0.0819969
974	-0.0814041
975	-0.0805595
976	-0.0794554
977	-0.0780846
978	-0.0764404
979	-0.0745164
980	-0.072307
981	-0.0698068
982	-0.0670115
983	-0.0639169
984	-0.0605199
985	-0.0568179
986	-0.0528091
987	-0.0484926
988	-0.043868
989	-0.038936
990	-0.0336982
991	-0.028157
992	-0.0223158
993	-0.0161789
994	-0.00975171
995	-0.00304057
996	0.00394711
997	0.0112029
998	0.0187171
999	0.0264793
