0	-0.684547
1	-0.698224
2	-0.668463
3	-0.637748
4	-0.606192
5	-0.573848
6	-0.540847
7	-0.507189
8	-0.472992
9	-0.438203
10	-0.402957
11	-0.367195
12	-0.331106
13	-0.294632
14	-0.257983
15	-0.221067
16	-0.184093
17	-0.146939
18	-0.109844
19	-0.0726946
20	-0.0357647
21	0.0010691
22	0.0375397
23	0.073796
24	0.109575
25	0.145012
26	0.179832
27	0.214155
28	0.247736
29	0.280689
30	0.312807
31	0.344163
32	0.37458
33	0.404079
34	0.432555
35	0.459982
36	0.48633
37	0.511488
38	0.535503
39	0.558185
40	0.57969
41	0.599743
42	0.618592
43	0.635863
44	0.651904
45	0.666264
46	0.679387
47	0.690749
48	0.700853
49	0.709131
50	0.716134
51	0.721291
52	0.725144
53	0.727155
54	0.727817
55	0.726686
56	0.724155
57	0.719915
58	0.714203
59	0.7069
60	0.698055
61	0.687766
62	0.67586
63	0.662669
64	0.647806
65	0.631821
66	0.614139
67	0.595475
68	0.575135
69	0.553927
70	0.531123
71	0.507516
72	0.482461
73	0.45662
74	0.429545
75	0.401655
76	0.372798
77	0.343071
78	0.312676
79	0.281351
80	0.249653
81	0.216998
82	0.184228
83	0.150541
84	0.116922
85	0.0825179
86	0.0482722
87	0.0134753
88	-0.0211685
89	-0.0560375
90	-0.0908347
91	-0.125476
92	-0.160153
93	-0.194298
94	-0.228554
95	-0.261968
96	-0.295474
97	-0.327955
98	-0.360373
99	-0.391733
100	-0.422731
101	-0.452781
102	-0.482067
103	-0.510592
104	-0.537925
105	-0.564678
106	-0.589887
107	-0.61458
108	-0.637551
109	-0.659891
110	-0.680539
111	-0.700248
112	-0.71849
113	-0.735358
114	-0.751064
115	-0.764968
116	-0.777964
117	-0.788877
118	-0.798941
119	-0.806906
120	-0.813827
121	-0.818894
122	-0.822519
123	-0.824707
124	-0.824995
125	-0.824236
126	-0.821278
127	-0.817448
128	-0.811418
129	-0.804376
130	-0.795478
131	-0.785158
132	-0.773519
133	-0.760006
134	-0.745651
135	-0.729172
136	-0.712037
137	-0.692926
138	-0.672942
139	-0.651507
140	-0.628737
141	-0.605165
142	-0.579844
143	-0.554181
144	-0.526716
145	-0.498917
146	-0.469757
147	-0.439859
148	-0.40933
149	-0.377566
150	-0.345811
151	-0.312618
152	-0.279624
153	-0.245553
154	-0.211324
155	-0.176803
156	-0.141568
157	-0.106785
158	-0.0710144
159	-0.0359634
160	-0.000257952
161	0.0350858
162	0.0702379
163	0.105657
164	0.140085
165	0.175056
166	0.208822
167	0.242716
168	0.275862
169	0.30822
170	0.340513
171	0.371242
172	0.402103
173	0.431376
174	0.460165
175	0.488033
176	0.514429
177	0.540562
178	0.564653
179	0.588427
180	0.610472
181	0.631337
182	0.651338
183	0.669207
184	0.686688
185	0.701902
186	0.716217
187	0.729047
188	0.739926
189	0.750156
190	0.757876
191	0.764908
192	0.769943
193	0.773329
194	0.775769
195	0.775676
196	0.77503
197	0.772074
198	0.767786
199	0.762313
200	0.754452
201	0.746119
202	0.735366
203	0.723593
204	0.710495
205	0.695257
206	0.679646
207	0.661646
208	0.642943
209	0.62291
210	0.601008
211	0.578916
212	0.554567
213	0.529818
214	0.503899
215	0.476361
216	0.448906
217	0.41942
218	0.389805
219	0.359335
220	0.327471
221	0.29603
222	0.262871
223	0.229812
224	0.196345
225	0.161681
226	0.127825
227	0.0926402
228	0.0577247
229	0.0229615
230	-0.0128299
231	-0.0474314
232	-0.0828725
233	-0.117979
234	-0.152278
235	-0.187446
236	-0.221121
237	-0.255009
238	-0.288635
239	-0.320765
240	-0.353534
241	-0.384706
242	-0.415294
243	-0.445807
244	-0.474236
245	-0.502882
246	-0.530121
247	-0.555841
248	-0.581535
249	-0.604051
250	-0.623187
251	-0.640475
252	-0.656997
253	-0.673129
254	-0.68631
255	-0.697084
256	-0.706416
257	-0.712525
258	-0.717161
259	-0.719787
260	-0.719737
261	-0.718659
262	-0.715175
263	-0.70987
264	-0.703497
265	-0.694759
266	-0.684964
267	-0.673844
268	-0.660808
269	-0.647167
270	-0.632016
271	-0.615597
272	-0.598717
273	-0.580366
274	-0.561377
275	-0.541885
276	-0.5212
277	-0.500347
278	-0.478917
279	-0.45672
280	-0.43463
281	-0.411959
282	-0.388988
283	-0.366239
284	-0.343014
285	-0.319904
286	-0.29704
287	-0.2739
288	-0.25119
289	-0.228721
290	-0.206228
291	-0.184375
292	-0.162766
293	-0.141394
294	-0.120779
295	-0.100439
296	-0.0805703
297	-0.0615093
298	-0.0427777
299	-0.0247073
300	-0.00745186
301	0.00940441
302	0.0254631
303	0.0407236
304	0.0555134
305	0.0694199
306	0.0825575
307	0.0951621
308	0.106842
309	0.117788
310	0.128156
311	0.137593
312	0.146336
313	0.154477
314	0.161706
315	0.168286
316	0.174261
317	0.179364
318	0.183866
319	0.187781
320	0.19088
321	0.193428
322	0.195426
323	0.196672
324	0.197423
325	0.197675
326	0.197247
327	0.196381
328	0.195081
329	0.193176
330	0.190892
331	0.188246
332	0.185074
333	0.181581
334	0.177805
335	0.173584
336	0.169097
337	0.164407
338	0.159354
339	0.154086
340	0.148694
341	0.143024
342	0.137185
343	0.131296
344	0.125213
345	0.119002
346	0.112807
347	0.106504
348	0.100111
349	0.0937853
350	0.0874375
351	0.0810353
352	0.0747381
353	0.0685007
354	0.0622471
355	0.0561189
356	0.0501241
357	0.0441574
358	0.0383216
359	0.032678
360	0.0271148
361	0.0216783
362	0.016471
363	0.0114031
364	0.00645717
365	0.00175085
366	-0.00275685
367	-0.00713804
368	-0.0112943
369	-0.0152046
370	-0.0189668
371	-0.0225349
372	-0.0258347
373	-0.0289485
374	-0.0318986
375	-0.0345913
376	-0.037056
377	-0.0393688
378	-0.0414644
379	-0.0433063
380	-0.0449812
381	-0.0464883
382	-0.0477511
383	-0.048815
384	-0.0497423
385	-0.0504714
386	-0.0509797
387	-0.051348
388	-0.0515772
389	-0.0516013
390	-0.0514589
391	-0.0512129
392	-0.0508172
393	-0.0502416
394	-0.0495561
395	-0.0487818
396	-0.0478591
397	-0.0468015
398	-0.045678
399	-0.0444714
400	-0.0431345
401	-0.0417119
402	-0.0402533
403	-0.0387187
404	-0.0370837
405	-0.0354067
406	-0.0337144
407	-0.0319588
408	-0.0301363
409	-0.0283071
410	-0.0264792
411	-0.0246054
412	-0.0226959
413	-0.0208072
414	-0.0189355
415	-0.017037
416	-0.0151288
417	-0.0132624
418	-0.0114287
419	-0.00958687
420	-0.00775465
421	-0.00597992
422	-0.00425376
423	-0.00253636
424	-0.000841158
425	0.00078622
426	0.00234977
427	0.00388903
428	0.00539959
429	0.00683814
430	0.00819931
431	0.00952097
432	0.0108116
433	0.0120334
434	0.0131682
435	0.0142474
436	0.015294
437	0.0162822
438	0.0171818
439	0.0180094
440	0.0187985
441	0.0195439
442	0.0202112
443	0.0207944
444	0.0213258
445	0.021824
446	0.0222664
447	0.0226269
448	0.0229179
449	0.023172
450	0.0233941
451	0.0235567
452	0.0236436
453	0.0236753
454	0.0236806
455	0.023658
456	0.0235809
457	0.0234376
458	0.0232493
459	0.023043
460	0.0228182
461	0.0225507
462	0.0222269
463	0.0218634
464	0.0214876
465	0.0211063
466	0.0207003
467	0.0202505
468	0.0197624
469	0.0192612
470	0.0187651
471	0.0182672
472	0.017746
473	0.0171908
474	0.0166141
475	0.01604
476	0.0154814
477	0.0149296
478	0.0143644
479	0.0137755
480	0.0131723
481	0.0125765
482	0.0120038
483	0.0114524
484	0.0109058
485	0.010348
486	0.00977603
487	0.00920315
488	0.00864879
489	0.00812561
490	0.00763185
491	0.00715371
492	0.00667506
493	0.00618763
494	0.00569574
495	0.00521355
496	0.00475737
497	0.00433773
498	0.00395494
499	0.00359985
500	0.00325844
501	0.00291775
502	0.00257057
503	0.0022174
504	0.00186562
505	0.00152672
506	0.00121294
507	0.000934391
508	0.000697341
509	0.000503739
510	0.000351738
511	0.000236782
512	0.000152848
513	9.35363e-05
514	5.28571e-05
515	2.56799e-05
516	7.89995e-06
517	-3.58891e-06
518	-1.10257e-05
519	-1.59514e-05
520	-1.93771e-05
521	-2.19347e-05
522	-2.40049e-05
523	-2.58155e-05
524	-2.75071e-05
525	-2.91667e-05
526	-3.0841e-05
527	-3.25449e-05
528	-3.42762e-05
529	-3.60329e-05
530	-3.78232e-05
531	-3.96598e-05
532	-4.1547e-05
533	-4.34752e-05
534	-4.54308e-05
535	-4.74098e-05
536	-4.94206e-05
537	-5.14722e-05
538	-5.35604e-05
539	-5.56706e-05
540	-5.77931e-05
541	-5.99323e-05
542	-6.2098e-05
543	-6.4289e-05
544	-6.64912e-05
545	-6.86924e-05
546	-7.08953e-05
547	-7.31093e-05
548	-7.53329e-05
549	-7.75513e-05
550	-7.97528e-05
551	-8.19409e-05
552	-8.4124e-05
553	-8.62975e-05
554	-8.84452e-05
555	-9.05584e-05
556	-9.26439e-05
557	-9.47071e-05
558	-9.67377e-05
559	-9.872e-05
560	-0.000100652
561	-0.000102543
562	-0.000104391
563	-0.000106181
564	-0.000107902
565	-0.000109562
566	-0.000111166
567	-0.000112702
568	-0.000114157
569	-0.000115531
570	-0.000116835
571	-0.000118062
572	-0.000119197
573	-0.000120238
574	-0.000121195
575	-0.000122067
576	-0.000122839
577	-0.000123507
578	-0.000124082
579	-0.000124566
580	-0.000124944
581	-0.000125214
582	-0.000125386
583	-0.000125464
584	-0.000125436
585	-0.000125299
586	-0.000125065
587	-0.000124739
588	-0.00012431
589	-0.000123778
590	-0.000123158
591	-0.000122452
592	-0.000121652
593	-0.000120762
594	-0.000119797
595	-0.00011876
596	-0.000117643
597	-0.000116457
598	-0.000115216
599	-0.000113922
600	-0.000112571
601	-0.000111178
602	-0.000109757
603	-0.000108308
604	-0.000106832
605	-0.000105349
606	-0.000103871
607	-0.000102394
608	-0.000100931
609	-9.95028e-05
610	-9.81134e-05
611	-9.6765e-05
612	-9.54778e-05
613	-9.42687e-05
614	-9.31382e-05
615	-9.20972e-05
616	-9.11695e-05
617	-9.03637e-05
618	-8.96825e-05
619	-8.91469e-05
620	-8.87759e-05
621	-8.85714e-05
622	-8.85459e-05
623	-8.87235e-05
624	-8.91127e-05
625	-8.97178e-05
626	-9.0561e-05
627	-9.16591e-05
628	-9.30133e-05
629	-9.46388e-05
630	-9.65576e-05
631	-9.87735e-05
632	-0.000101293
633	-0.000104139
634	-0.00010732
635	-0.000110837
636	-0.000114707
637	-0.000118945
638	-0.000123548
639	-0.000128526
640	-0.000133896
641	-0.000139657
642	-0.000145809
643	-0.000152369
644	-0.000159337
645	-0.000166707
646	-0.000174492
647	-0.000182692
648	-0.000191297
649	-0.000200312
650	-0.000209741
651	-0.000219568
652	-0.000229792
653	-0.000240413
654	-0.000251415
655	-0.000262789
656	-0.000274532
657	-0.000286627
658	-0.000299055
659	-0.000311812
660	-0.000324876
661	-0.000338224
662	-0.000351847
663	-0.000365719
664	-0.000379811
665	-0.000394109
666	-0.000408585
667	-0.000423205
668	-0.000437948
669	-0.000452784
670	-0.000467672
671	-0.000482588
672	-0.000497498
673	-0.000512358
674	-0.000527137
675	-0.0005418
676	-0.000556296
677	-0.000570593
678	-0.000584651
679	-0.000598416
680	-0.000611855
681	-0.000624922
682	-0.000637563
683	-0.00064974
684	-0.000661408
685	-0.000672509
686	-0.000683006
687	-0.00069285
688	-0.000701985
689	-0.000710373
690	-0.000717963
691	-0.000724701
692	-0.000730551
693	-0.000735461
694	-0.000739381
695	-0.000742275
696	-0.000744094
697	-0.000744793
698	-0.000744339
699	-0.000742686
700	-0.000739793
701	-0.000735635
702	-0.000730167
703	-0.00072336
704	-0.000715191
705	-0.000705623
706	-0.000694637
707	-0.000682215
708	-0.000668331
709	-0.000652977
710	-0.00063614
711	-0.000617807
712	-0.000597982
713	-0.000576661
714	-0.000553844
715	-0.000529547
716	-0.000503777
717	-0.00047655
718	-0.000447895
719	-0.00041783
720	-0.00038639
721	-0.000353615
722	-0.000319537
723	-0.000284211
724	-0.000247687
725	-0.000210017
726	-0.000171271
727	-0.000131511
728	-9.08104e-05
729	-4.92539e-05
730	-6.91689e-06
731	3.61059e-05
732	7.97185e-05
733	0.000123828
734	0.000168321
735	0.00021309
736	0.000258024
737	0.000302995
738	0.000347884
739	0.000392559
740	0.000436883
741	0.000480725
742	0.000523934
743	0.000566369
744	0.000607882
745	0.000648312
746	0.000687512
747	0.00072532
748	0.000761571
749	0.000796111
750	0.000828767
751	0.000859379
752	0.000887781
753	0.000913801
754	0.00093728
755	0.000958047
756	0.000975938
757	0.000990794
758	0.00100245
759	0.00101075
760	0.00101553
761	0.00101665
762	0.00101397
763	0.00100733
764	0.000996597
765	0.00098165
766	0.000962356
767	0.000938607
768	0.000910287
769	0.0008773
770	0.000839557
771	0.00079697
772	0.000749477
773	0.000697013
774	0.000639531
775	0.000576999
776	0.000509387
777	0.000436692
778	0.000358916
779	0.000276076
780	0.000188211
781	9.53634e-05
782	-2.39592e-06
783	-0.000104987
784	-0.000212314
785	-0.000324255
786	-0.000440684
787	-0.000561445
788	-0.000686368
789	-0.00081527
790	-0.000947937
791	-0.00108415
792	-0.00122366
793	-0.00136621
794	-0.00151151
795	-0.00165927
796	-0.00180915
797	-0.00196083
798	-0.00211394
799	-0.00226811
800	-0.00242295
801	-0.00257804
802	-0.00273295
803	-0.00288724
804	-0.00304045
805	-0.00319209
806	-0.00334168
807	-0.00348872
808	-0.00363268
809	-0.00377303
810	-0.00390923
811	-0.00404073
812	-0.00416696
813	-0.00428736
814	-0.00440135
815	-0.00450835
816	-0.00460778
817	-0.00469905
818	-0.00478158
819	-0.00485476
820	-0.00491804
821	-0.00497081
822	-0.00501252
823	-0.00504259
824	-0.00506046
825	-0.0050656
826	-0.00505748
827	-0.00503558
828	-0.0049994
829	-0.00494846
830	-0.00488232
831	-0.00480054
832	-0.00470271
833	-0.00458847
834	-0.00445746
835	-0.00430938
836	-0.00414394
837	-0.00396091
838	-0.00376009
839	-0.00354131
840	-0.00330446
841	-0.00304947
842	-0.00277632
843	-0.00248502
844	-0.00217568
845	-0.0018484
846	-0.00150338
847	-0.00114087
848	-0.000761153
849	-0.000364605
850	4.836e-05
851	0.000477253
852	0.000921532
853	0.00138058
854	0.00185372
855	0.00234022
856	0.00283925
857	0.00334996
858	0.00387138
859	0.00440252
860	0.00494228
861	0.00548954
862	0.00604308
863	0.00660162
864	0.00716382
865	0.00772829
866	0.00829355
867	0.00885807
868	0.00942029
869	0.00997855
870	0.0105312
871	0.0110764
872	0.0116124
873	0.0121374
874	0.0126495
875	0.0131468
876	0.0136273
877	0.014089
878	0.01453
879	0.0149481
880	0.0153413
881	0.0157077
882	0.016045
883	0.0163513
884	0.0166245
885	0.0168624
886	0.0170631
887	0.0172246
888	0.0173449
889	0.0174219
890	0.0174539
891	0.0174389
892	0.0173752
893	0.0172609
894	0.0170945
895	0.0168744
896	0.016599
897	0.016267
898	0.015877
899	0.0154278
900	0.0149185
901	0.0143479
902	0.0137154
903	0.0130201
904	0.0122617
905	0.0114397
906	0.0105538
907	0.00960414
908	0.00859073
909	0.00751392
910	0.0063742
911	0.00517226
912	0.00390901
913	0.00258554
914	0.00120318
915	-0.000236562
916	-0.00173192
917	-0.00328093
918	-0.00488138
919	-0.00653085
920	-0.00822667
921	-0.00996594
922	-0.0117455
923	-0.013562
924	-0.0154119
925	-0.0172913
926	-0.019196
927	-0.0211219
928	-0.0230644
929	-0.0250186
930	-0.0269797
931	-0.0289423
932	-0.0309012
933	-0.0328506
934	-0.0347848
935	-0.0366977
936	-0.0385833
937	-0.040435
938	-0.0422465
939	-0.044011
940	-0.0457218
941	-0.0473719
942	-0.0489544
943	-0.0504622
944	-0.051888
945	-0.0532247
946	-0.054465
947	-0.0556015
948	-0.0566271
949	-0.0575344
950	-0.0583161
951	-0.0589652
952	-0.0594746
953	-0.0598372
954	-0.0600463
955	-0.0600951
956	-0.0599772
957	-0.0596863
958	-0.0592162
959	-0.0585612
960	-0.0577158
961	-0.0566747
962	-0.0554331
963	-0.0539864
964	-0.0523306
965	-0.050462
966	-0.0483772
967	-0.0460736
968	-0.0435488
969	-0.0408011
970	-0.0378293
971	-0.0346327
972	-0.0312114
973	-0.0275659
974	-0.0236975
975	-0.019608
976	-0.0153001
977	-0.0107772
978	-0.00604318
979	-0.00110292
980	0.00403804
981	0.00937334
982	0.0148959
983	0.0205977
984	0.0264701
985	0.0325034
986	0.0386873
987	0.0450106
988	0.0514611
989	0.0580261
990	0.0646917
991	0.0714434
992	0.0782659
993	0.085143
994	0.0920577
995	0.0989923
996	0.105928
997	0.112846
998	0.119727
999	0.126549
