0	-0.999507
1	-1.1768
2	-1.1787
3	-1.17858
4	-1.17644
5	-1.17229
6	-1.16611
7	-1.1579
8	-1.14768
9	-1.13549
10	-1.12132
11	-1.10523
12	-1.08722
13	-1.06734
14	-1.04561
15	-1.0221
16	-0.996824
17	-0.969868
18	-0.941206
19	-0.91097
20	-0.879133
21	-0.845877
22	-0.811148
23	-0.775154
24	-0.737805
25	-0.699352
26	-0.659675
27	-0.619059
28	-0.577331
29	-0.534816
30	-0.491306
31	-0.44718
32	-0.402195
33	-0.356766
34	-0.310614
35	-0.264198
36	-0.217224
37	-0.170174
38	-0.122734
39	-0.0753946
40	-0.0278508
41	0.0194135
42	0.0666841
43	0.113517
44	0.16015
45	0.206197
46	0.25182
47	0.296728
48	0.340987
49	0.384418
50	0.426962
51	0.46858
52	0.509077
53	0.548567
54	0.586703
55	0.623755
56	0.659237
57	0.693563
58	0.726124
59	0.757447
60	0.786847
61	0.814914
62	0.84094
63	0.865519
64	0.887988
65	0.908871
66	0.92763
67	0.94464
68	0.959561
69	0.972554
70	0.983535
71	0.992407
72	0.999369
73	1.00405
74	1.00694
75	1.00742
76	1.00619
77	1.00249
78	0.997135
79	0.989315
80	0.979844
81	0.968007
82	0.954464
83	0.93874
84	0.921208
85	0.901746
86	0.880352
87	0.857316
88	0.832237
89	0.805792
90	0.777259
91	0.747582
92	0.715868
93	0.683141
94	0.648558
95	0.612987
96	0.575861
97	0.537684
98	0.498349
99	0.457849
100	0.416616
101	0.374136
102	0.3313
103	0.287225
104	0.243061
105	0.197823
106	0.152598
107	0.106632
108	0.0606377
109	0.014369
110	-0.0320701
111	-0.078266
112	-0.124756
113	-0.170561
114	-0.216665
115	-0.261805
116	-0.307048
117	-0.35128
118	-0.395201
119	-0.438249
120	-0.480449
121	-0.521996
122	-0.562152
123	-0.601809
124	-0.639706
125	-0.677029
126	-0.7125
127	-0.747063
128	-0.779945
129	-0.811378
130	-0.84146
131	-0.869526
132	-0.896497
133	-0.921087
134	-0.944588
135	-0.96567
136	-0.985346
137	-1.0029
138	-1.01849
139	-1.03242
140	-1.04384
141	-1.05391
142	-1.06123
143	-1.06718
144	-1.07054
145	-1.07213
146	-1.07165
147	-1.06881
148	-1.06444
149	-1.05731
150	-1.0489
151	-1.03777
152	-1.02516
153	-1.01031
154	-0.993444
155	-0.975053
156	-0.954137
157	-0.932157
158	-0.907607
159	-0.881941
160	-0.854202
161	-0.824855
162	-0.794241
163	-0.761479
164	-0.728058
165	-0.692418
166	-0.656126
167	-0.618191
168	-0.579096
169	-0.539252
170	-0.49772
171	-0.456084
172	-0.412748
173	-0.369285
174	-0.324825
175	-0.279647
176	-0.234468
177	-0.188069
178	-0.142227
179	-0.0953619
180	-0.0488289
181	-0.00216641
182	0.0448341
183	0.0909812
184	0.137828
185	0.183497
186	0.229364
187	0.274587
188	0.318902
189	0.363288
190	0.405981
191	0.44873
192	0.489963
193	0.530332
194	0.569986
195	0.60771
196	0.645167
197	0.680433
198	0.714866
199	0.747825
200	0.778773
201	0.809046
202	0.836675
203	0.863438
204	0.888112
205	0.910772
206	0.932347
207	0.951032
208	0.96877
209	0.983981
210	0.99723
211	1.00905
212	1.01789
213	1.02572
214	1.03075
215	1.03391
216	1.03543
217	1.03397
218	1.0315
219	1.02614
220	1.01901
221	1.01022
222	0.998488
223	0.985873
224	0.970402
225	0.953288
226	0.934676
227	0.913222
228	0.891082
229	0.866303
230	0.839993
231	0.812533
232	0.782382
233	0.751804
234	0.718976
235	0.684714
236	0.649804
237	0.612427
238	0.574893
239	0.535685
240	0.495106
241	0.454491
242	0.411744
243	0.369053
244	0.325452
245	0.280521
246	0.236185
247	0.190226
248	0.14438
249	0.0984787
250	0.0514608
251	0.00693956
252	-0.0365775
253	-0.0783316
254	-0.11763
255	-0.15616
256	-0.19202
257	-0.226233
258	-0.259019
259	-0.289047
260	-0.317941
261	-0.344623
262	-0.369082
263	-0.39234
264	-0.413004
265	-0.432097
266	-0.449552
267	-0.464576
268	-0.478404
269	-0.490177
270	-0.500022
271	-0.508687
272	-0.515165
273	-0.520261
274	-0.523977
275	-0.525712
276	-0.526434
277	-0.525583
278	-0.523174
279	-0.519895
280	-0.515009
281	-0.50903
282	-0.502169
283	-0.493864
284	-0.484846
285	-0.474896
286	-0.463809
287	-0.452255
288	-0.439767
289	-0.426511
290	-0.412913
291	-0.398472
292	-0.38361
293	-0.368461
294	-0.352646
295	-0.336695
296	-0.320488
297	-0.303846
298	-0.287274
299	-0.270489
300	-0.253519
301	-0.236752
302	-0.219843
303	-0.202982
304	-0.186408
305	-0.169788
306	-0.153416
307	-0.13738
308	-0.121412
309	-0.105847
310	-0.0906513
311	-0.0756387
312	-0.0611438
313	-0.0470424
314	-0.033232
315	-0.0200153
316	-0.00721203
317	0.00520837
318	0.0169899
319	0.0283421
320	0.0392402
321	0.0494784
322	0.0592766
323	0.0685715
324	0.0772043
325	0.085393
326	0.0930511
327	0.100059
328	0.106626
329	0.112656
330	0.118058
331	0.123032
332	0.127479
333	0.131329
334	0.134772
335	0.137712
336	0.140093
337	0.142095
338	0.143632
339	0.144653
340	0.145329
341	0.145586
342	0.145374
343	0.144855
344	0.143974
345	0.142671
346	0.141103
347	0.139232
348	0.136992
349	0.134528
350	0.131824
351	0.128805
352	0.125601
353	0.122222
354	0.118583
355	0.114796
356	0.110896
357	0.106794
358	0.102577
359	0.0983053
360	0.0938918
361	0.0893907
362	0.0848871
363	0.0803031
364	0.0756575
365	0.0710497
366	0.0664242
367	0.0617626
368	0.0571669
369	0.0526135
370	0.0480526
371	0.0435726
372	0.0391879
373	0.0348301
374	0.0305577
375	0.0264209
376	0.0223521
377	0.0183676
378	0.0145416
379	0.0108283
380	0.00720083
381	0.00373476
382	0.000422799
383	-0.00279205
384	-0.00585886
385	-0.00874329
386	-0.0115069
387	-0.014142
388	-0.0165885
389	-0.0188827
390	-0.021061
391	-0.0230679
392	-0.0248962
393	-0.026604
394	-0.0281716
395	-0.0295545
396	-0.0307966
397	-0.031925
398	-0.0328902
399	-0.0336935
400	-0.0343889
401	-0.0349597
402	-0.0353682
403	-0.0356535
404	-0.0358463
405	-0.035906
406	-0.0358273
407	-0.0356612
408	-0.0354059
409	-0.0350227
410	-0.0345365
411	-0.0339879
412	-0.0333519
413	-0.032607
414	-0.0317944
415	-0.0309354
416	-0.0299958
417	-0.028974
418	-0.0279145
419	-0.0268204
420	-0.0256584
421	-0.0244422
422	-0.0232122
423	-0.0219587
424	-0.0206539
425	-0.0193205
426	-0.0179923
427	-0.0166525
428	-0.0152787
429	-0.0138978
430	-0.0125377
431	-0.0111788
432	-0.00980217
433	-0.00843475
434	-0.0071014
435	-0.00578237
436	-0.00445946
437	-0.00315726
438	-0.00189996
439	-0.000670025
440	0.000552449
441	0.00174755
442	0.00288988
443	0.00399224
444	0.00507751
445	0.00613324
446	0.00713243
447	0.00808014
448	0.00900134
449	0.00989416
450	0.0107322
451	0.0115099
452	0.0122504
453	0.0129644
454	0.0136315
455	0.014235
456	0.0147895
457	0.0153159
458	0.0158073
459	0.0162413
460	0.0166168
461	0.0169559
462	0.0172695
463	0.0175415
464	0.0177557
465	0.0179213
466	0.0180598
467	0.0181744
468	0.0182468
469	0.0182665
470	0.0182467
471	0.018207
472	0.0181475
473	0.0180508
474	0.0179082
475	0.0177327
476	0.0175431
477	0.0173412
478	0.0171115
479	0.0168436
480	0.0165463
481	0.0162384
482	0.0159272
483	0.0156019
484	0.0152486
485	0.0148676
486	0.0144748
487	0.0140845
488	0.0136958
489	0.0132952
490	0.0128727
491	0.0124332
492	0.0119925
493	0.0115622
494	0.0111404
495	0.0107144
496	0.0102742
497	0.00982236
498	0.00937193
499	0.00893606
500	0.00851769
501	0.00810831
502	0.00769582
503	0.00727452
504	0.00684965
505	0.00643368
506	0.00603782
507	0.00566498
508	0.00530866
509	0.00495778
510	0.00460384
511	0.0042459
512	0.00389093
513	0.00354989
514	0.0032322
515	0.00294154
516	0.00267465
517	0.00242326
518	0.0021778
519	0.00193107
520	0.00168053
521	0.00142875
522	0.00118214
523	0.000948871
524	0.0007367
525	0.000551375
526	0.000395868
527	0.00027035
528	0.000172713
529	9.93488e-05
530	4.59483e-05
531	8.17283e-06
532	-1.79038e-05
533	-3.55727e-05
534	-4.74305e-05
535	-5.54163e-05
536	-6.09018e-05
537	-6.48129e-05
538	-6.77579e-05
539	-7.01295e-05
540	-7.21698e-05
541	-7.40137e-05
542	-7.57312e-05
543	-7.73656e-05
544	-7.89472e-05
545	-8.04895e-05
546	-8.19889e-05
547	-8.34409e-05
548	-8.48502e-05
549	-8.62221e-05
550	-8.75508e-05
551	-8.88261e-05
552	-9.00469e-05
553	-9.12193e-05
554	-9.23418e-05
555	-9.34039e-05
556	-9.44013e-05
557	-9.534e-05
558	-9.62218e-05
559	-9.70379e-05
560	-9.7782e-05
561	-9.84598e-05
562	-9.90753e-05
563	-9.96214e-05
564	-0.000100092
565	-0.000100491
566	-0.000100826
567	-0.00010109
568	-0.000101278
569	-0.000101394
570	-0.000101447
571	-0.000101431
572	-0.000101342
573	-0.000101187
574	-0.000100972
575	-0.000100695
576	-0.000100351
577	-9.99516e-05
578	-9.95022e-05
579	-9.89995e-05
580	-9.84436e-05
581	-9.78459e-05
582	-9.72127e-05
583	-9.65403e-05
584	-9.58331e-05
585	-9.51041e-05
586	-9.43575e-05
587	-9.35913e-05
588	-9.28144e-05
589	-9.20402e-05
590	-9.12703e-05
591	-9.0506e-05
592	-8.97609e-05
593	-8.90461e-05
594	-8.83617e-05
595	-8.77143e-05
596	-8.71201e-05
597	-8.65859e-05
598	-8.6113e-05
599	-8.57142e-05
600	-8.54043e-05
601	-8.5186e-05
602	-8.50653e-05
603	-8.50593e-05
604	-8.51772e-05
605	-8.54211e-05
606	-8.58038e-05
607	-8.6341e-05
608	-8.70359e-05
609	-8.78952e-05
610	-8.89358e-05
611	-9.01664e-05
612	-9.1589e-05
613	-9.32172e-05
614	-9.50647e-05
615	-9.71331e-05
616	-9.943e-05
617	-0.000101971
618	-0.000104761
619	-0.000107801
620	-0.000111105
621	-0.000114681
622	-0.000118529
623	-0.000122657
624	-0.000127075
625	-0.000131781
626	-0.000136779
627	-0.000142079
628	-0.00014768
629	-0.000153578
630	-0.000159783
631	-0.000166295
632	-0.000173105
633	-0.000180219
634	-0.000187636
635	-0.000195348
636	-0.000203351
637	-0.000211646
638	-0.000220222
639	-0.000229071
640	-0.000238191
641	-0.000247568
642	-0.00025719
643	-0.000267053
644	-0.000277141
645	-0.000287436
646	-0.00029793
647	-0.000308608
648	-0.000319445
649	-0.000330431
650	-0.000341547
651	-0.000352766
652	-0.000364072
653	-0.000375445
654	-0.000386855
655	-0.000398281
656	-0.000409701
657	-0.000421081
658	-0.000432398
659	-0.000443627
660	-0.000454732
661	-0.000465686
662	-0.000476461
663	-0.000487021
664	-0.000497334
665	-0.000507373
666	-0.000517097
667	-0.000526475
668	-0.000535477
669	-0.000544062
670	-0.000552197
671	-0.000559852
672	-0.000566984
673	-0.000573562
674	-0.000579555
675	-0.00058492
676	-0.000589628
677	-0.000593647
678	-0.000596937
679	-0.00059947
680	-0.000601216
681	-0.000602137
682	-0.000602209
683	-0.000601404
684	-0.000599688
685	-0.00059704
686	-0.000593436
687	-0.000588847
688	-0.000583259
689	-0.000576649
690	-0.000568998
691	-0.000560295
692	-0.000550524
693	-0.000539674
694	-0.000527741
695	-0.000514716
696	-0.000500596
697	-0.000485387
698	-0.000469085
699	-0.0004517
700	-0.000433244
701	-0.000413724
702	-0.000393162
703	-0.000371576
704	-0.000348987
705	-0.000325426
706	-0.000300922
707	-0.000275507
708	-0.000249225
709	-0.000222114
710	-0.00019422
711	-0.000165597
712	-0.000136295
713	-0.000106373
714	-7.58962e-05
715	-4.49243e-05
716	-1.35329e-05
717	1.82066e-05
718	5.02193e-05
719	8.24185e-05
720	0.000114724
721	0.000147047
722	0.000179292
723	0.000211368
724	0.000243175
725	0.000274609
726	0.000305572
727	0.000335949
728	0.000365636
729	0.000394521
730	0.000422484
731	0.000449417
732	0.000475198
733	0.000499707
734	0.000522829
735	0.000544438
736	0.000564415
737	0.00058264
738	0.000598988
739	0.000613343
740	0.000625581
741	0.000635585
742	0.00064324
743	0.000648427
744	0.000651037
745	0.000650959
746	0.000648085
747	0.000642316
748	0.000633549
749	0.000621693
750	0.000606659
751	0.000588359
752	0.000566721
753	0.00054167
754	0.00051314
755	0.000481079
756	0.000445431
757	0.000406158
758	0.000363227
759	0.00031661
760	0.000266298
761	0.000212281
762	0.000154567
763	9.3173e-05
764	2.81221e-05
765	-4.05424e-05
766	-0.000112774
767	-0.00018851
768	-0.000267674
769	-0.000350182
770	-0.000435931
771	-0.000524809
772	-0.000616691
773	-0.000711434
774	-0.000808888
775	-0.000908882
776	-0.00101124
777	-0.00111576
778	-0.00122224
779	-0.00133045
780	-0.00144015
781	-0.00155111
782	-0.00166305
783	-0.00177569
784	-0.00188875
785	-0.00200192
786	-0.00211488
787	-0.00222732
788	-0.00233888
789	-0.00244923
790	-0.00255799
791	-0.0026648
792	-0.00276927
793	-0.00287102
794	-0.00296965
795	-0.00306476
796	-0.00315593
797	-0.00324274
798	-0.00332478
799	-0.00340163
800	-0.00347285
801	-0.00353802
802	-0.0035967
803	-0.00364847
804	-0.00369291
805	-0.00372959
806	-0.0037581
807	-0.00377801
808	-0.00378894
809	-0.00379048
810	-0.00378225
811	-0.00376387
812	-0.00373499
813	-0.00369526
814	-0.00364435
815	-0.00358196
816	-0.00350778
817	-0.00342155
818	-0.00332303
819	-0.00321199
820	-0.00308822
821	-0.00295158
822	-0.0028019
823	-0.00263908
824	-0.00246305
825	-0.00227375
826	-0.00207118
827	-0.00185537
828	-0.00162638
829	-0.00138431
830	-0.00112931
831	-0.000861561
832	-0.000581293
833	-0.000288778
834	1.56683e-05
835	0.000331682
836	0.000658856
837	0.000996732
838	0.00134481
839	0.00170253
840	0.00206931
841	0.00244448
842	0.00282735
843	0.00321717
844	0.00361315
845	0.00401445
846	0.00442016
847	0.00482935
848	0.00524103
849	0.00565417
850	0.00606769
851	0.00648046
852	0.00689134
853	0.0072991
854	0.0077025
855	0.00810027
856	0.00849109
857	0.00887361
858	0.00924644
859	0.00960819
860	0.00995742
861	0.0102927
862	0.0106125
863	0.0109154
864	0.0111998
865	0.0114644
866	0.0117074
867	0.0119276
868	0.0121232
869	0.0122929
870	0.0124351
871	0.0125484
872	0.0126314
873	0.0126825
874	0.0127005
875	0.012684
876	0.0126316
877	0.0125422
878	0.0124145
879	0.0122473
880	0.0120396
881	0.0117904
882	0.0114987
883	0.0111637
884	0.0107845
885	0.0103607
886	0.00989143
887	0.00937637
888	0.00881512
889	0.00820743
890	0.00755316
891	0.0068523
892	0.00610498
893	0.00531144
894	0.00447209
895	0.00358744
896	0.0026582
897	0.00168519
898	0.000669404
899	-0.000388012
900	-0.00148575
901	-0.00262234
902	-0.00379613
903	-0.00500533
904	-0.00624795
905	-0.00752184
906	-0.00882468
907	-0.010154
908	-0.0115071
909	-0.0128811
910	-0.0142731
911	-0.0156798
912	-0.017098
913	-0.0185241
914	-0.0199544
915	-0.0213851
916	-0.0228122
917	-0.0242316
918	-0.0256391
919	-0.0270301
920	-0.0284003
921	-0.0297448
922	-0.031059
923	-0.032338
924	-0.0335768
925	-0.0347703
926	-0.0359134
927	-0.0370009
928	-0.0380276
929	-0.0389882
930	-0.0398774
931	-0.0406898
932	-0.0414202
933	-0.0420631
934	-0.0426135
935	-0.043066
936	-0.0434155
937	-0.0436569
938	-0.0437852
939	-0.0437957
940	-0.0436835
941	-0.0434441
942	-0.0430731
943	-0.0425664
944	-0.0419199
945	-0.0411298
946	-0.0401927
947	-0.0391054
948	-0.0378648
949	-0.0364684
950	-0.0349139
951	-0.0331992
952	-0.0313228
953	-0.0292835
954	-0.0270805
955	-0.0247134
956	-0.0221823
957	-0.0194877
958	-0.0166306
959	-0.0136126
960	-0.0104355
961	-0.00710203
962	-0.00361512
963	2.15768e-05
964	0.0038039
965	0.0077271
966	0.0117859
967	0.0159743
968	0.0202859
969	0.0247135
970	0.0292495
971	0.0338855
972	0.0386126
973	0.0434213
974	0.0483014
975	0.0532423
976	0.0582325
977	0.0632601
978	0.0683128
979	0.0733773
980	0.0784401
981	0.0834871
982	0.0885035
983	0.0934743
984	0.0983838
985	0.103216
986	0.107954
987	0.112581
988	0.117081
989	0.121435
990	0.125625
991	0.129633
992	0.133442
993	0.137032
994	0.140385
995	0.143482
996	0.146304
997	0.148833
998	0.15105
999	0.152937
